0 90.88043 90.01573
10 91.15414 90.02062
20 91.51272 90.02704
30 91.98231 90.03545
40 92.597 90.04646
50 93.40117 90.06089
60 94.45241 90.07977
70 95.82532 90.10449
80 97.61606 90.1368
90 99.9481 90.17901
100 102.97897 90.23409
110 106.90821 90.30586
120 111.98635 90.39919
130 118.52466 90.52031
140 126.90526 90.67702
150 137.59089 90.87912
160 151.13384 91.13869
170 168.1834 91.4705
180 189.49155 91.89239
190 215.91723 92.42555
200 248.42967 93.09485
210 288.1117 93.92906
220 336.16405 94.96091
230 393.91087 96.2272
240 462.8061 97.76872
250 544.43903 99.63016
260 640.5359 101.85989
270 752.95254 104.50983
280 883.65133 107.63519
290 1034.65313 111.29424
300 1207.95281 115.548
310 1405.38481 120.45973
320 1628.42492 126.09413
330 1877.91816 132.51603
340 2153.73243 139.78823
350 2454.35877 147.96851
360 2776.51159 157.10545
370 3114.82323 167.23332
380 3461.7625 178.36644
390 3807.90942 190.49393
400 4142.6618 203.57586
410 4455.32441 217.54211
420 4736.37729 232.29474
430 4978.61406 247.7138
440 5177.85617 263.66569
450 5333.09205 280.01261
460 5446.08508 296.62124
470 5520.64219 313.36963
480 5561.77856 330.15147
490 5574.9664 346.87801
500 5565.5689 363.47805
510 5538.48017 379.8965
520 5497.94299 396.09243
530 5447.49585 412.03664
540 5390.00177 427.70949
550 5327.7208 443.09879
560 5262.39982 458.19807
570 5195.36363 473.00517
580 5127.59854 487.52103
590 5059.82477 501.74883
600 4992.55662 515.6933
610 4926.15134 529.36016
620 4860.8478 542.75576
630 4796.79684 555.88677
640 4734.08457 568.76001
650 4672.75031 581.38226
660 4612.80008 593.7602
670 4554.21673 605.9003
680 4496.96754 617.80882
690 4441.00976 629.49178
700 4386.29468 640.95492
710 4332.77052 652.20373
720 4280.38455 663.24343
730 4229.08448 674.07901
740 4178.81949 684.71519
750 4129.54077 695.1565
760 4081.20199 705.40724
770 4033.75942 715.4715
780 3987.17206 725.3532
790 3941.40161 735.05609
800 3896.41237 744.58374
810 3852.17117 753.93958
820 3808.64723 763.1269
830 3765.81198 772.14886
840 3723.63897 781.00851
850 3682.10366 789.70876
860 3641.18333 798.25244
870 3600.85691 806.64228
880 3561.10487 814.88091
890 3521.90907 822.97087
900 3483.25269 830.91465
910 3445.1201 838.71463
920 3407.49677 846.37314
930 3370.36916 853.89244
940 3333.7247 861.27474
950 3297.55165 868.52217
960 3261.83908 875.63682
970 3226.57676 882.62074
980 3191.75519 889.47591
990 3157.36543 896.20428
1000 3123.39917 902.80774
1010 3089.8486 909.28816
1020 3056.70642 915.64736
1030 3023.96578 921.88712
1040 2991.62028 928.0092
1050 2959.66388 934.01532
1060 2928.09094 939.90715
1070 2896.89614 945.68637
1080 2866.07449 951.35459
1090 2835.62129 956.91341
1100 2805.53212 962.36443
1110 2775.80282 967.70917
1120 2746.42947 972.94918
1130 2717.40835 978.08596
1140 2688.73599 983.12099
1150 2660.40907 988.05574
1160 2632.42448 992.89164
1170 2604.77927 997.63012
1180 2577.47064 1002.27259
1190 2550.49593 1006.82043
1200 2523.85263 1011.27502
1210 2497.53835 1015.6377
1220 2471.55081 1019.90983
1230 2445.88783 1024.09272
1240 2420.54734 1028.18768
1250 2395.52735 1032.19601
1260 2370.82597 1036.11898
1270 2346.44136 1039.95787
1280 2322.37176 1043.71393
1290 2298.61548 1047.38839
1300 2275.17087 1050.9825
1310 2252.03633 1054.49746
1320 2229.21032 1057.93449
1330 2206.69132 1061.29478
1340 2184.47785 1064.57951
1350 2162.56845 1067.78985
1360 2140.9617 1070.92697
1370 2119.65618 1073.99202
1380 2098.65048 1076.98614
1390 2077.94323 1079.91045
1400 2057.53302 1082.76609
1410 2037.41847 1085.55415
1420 2017.5982 1088.27575
1430 1998.0708 1090.93197
1440 1978.83487 1093.5239
1450 1959.88899 1096.0526
1460 1941.23171 1098.51915
1470 1922.86159 1100.92459
1480 1904.77715 1103.26997
1490 1886.97687 1105.55632
1500 1869.45922 1107.78467
1510 1852.22265 1109.95603
1520 1835.26554 1112.07142
1530 1818.58628 1114.13183
1540 1802.18319 1116.13825
1550 1786.05457 1118.09165
1560 1770.19867 1119.99301
1570 1754.6137 1121.8433
1580 1739.29783 1123.64345
1590 1724.24918 1125.39441
1600 1709.46584 1127.09711
1610 1694.94585 1128.75248
1620 1680.68717 1130.36143
1630 1666.68777 1131.92486
1640 1652.94553 1133.44367
1650 1639.4583 1134.91874
1660 1626.22387 1136.35094
1670 1613.24 1137.74113
1680 1600.50439 1139.09018
1690 1588.0147 1140.39893
1700 1575.76854 1141.6682
1710 1563.76347 1142.89883
1720 1551.99702 1144.09163
1730 1540.46666 1145.24739
1740 1529.16983 1146.36692
1750 1518.10392 1147.451
1760 1507.26627 1148.50039
1770 1496.65422 1149.51587
1780 1486.26502 1150.49817
1790 1476.09594 1151.44804
1800 1466.14416 1152.36622
1810 1456.40687 1153.25341
1820 1446.88122 1154.11033
1830 1437.56432 1154.93767
1840 1428.45326 1155.73613
1850 1419.54512 1156.50638
1860 1410.83693 1157.24908
1870 1402.32572 1157.96488
1880 1394.00851 1158.65444
1890 1385.88229 1159.31838
1900 1377.94403 1159.95732
1910 1370.19072 1160.57188
1920 1362.6193 1161.16266
1930 1355.22673 1161.73024
1940 1348.00998 1162.27521
1950 1340.96598 1162.79814
1960 1334.09169 1163.29957
1970 1327.38407 1163.78006
1980 1320.84006 1164.24015
1990 1314.45664 1164.68036
2000 1308.23079 1165.1012
2010 1302.15948 1165.50319
2020 1296.23973 1165.88681
2030 1290.46854 1166.25255
2040 1284.84294 1166.60089
2050 1279.35999 1166.93229
2060 1274.01676 1167.24721
2070 1268.81034 1167.54609
2080 1263.73785 1167.82937
2090 1258.79644 1168.09747
2100 1253.98326 1168.35081
2110 1249.29553 1168.5898
2120 1244.73047 1168.81483
2130 1240.28533 1169.02629
2140 1235.95742 1169.22457
2150 1231.74404 1169.41002
2160 1227.64257 1169.58303
2170 1223.65039 1169.74393
2180 1219.76492 1169.89308
2190 1215.98365 1170.0308
2200 1212.30406 1170.15744
2210 1208.7237 1170.2733
2220 1205.24015 1170.3787
2230 1201.85102 1170.47395
2240 1198.55398 1170.55934
2250 1195.34671 1170.63516
2260 1192.22696 1170.7017
2270 1189.19251 1170.75922
2280 1186.24116 1170.80799
2290 1183.37079 1170.84828
2300 1180.57928 1170.88034
2310 1177.86457 1170.90441
2320 1175.22466 1170.92074
2330 1172.65756 1170.92956
2340 1170.16132 1170.9311
2350 1167.73405 1170.92557
2360 1165.3739 1170.9132
2370 1163.07905 1170.89419
2380 1160.8477 1170.86874
2390 1158.67813 1170.83706
2400 1156.56864 1170.79934
2410 1154.51756 1170.75576
2420 1152.52326 1170.70651
2430 1150.58417 1170.65176
2440 1148.69872 1170.59168
2450 1146.86542 1170.52644
2460 1145.08277 1170.45621
2470 1143.34935 1170.38114
2480 1141.66374 1170.30138
2490 1140.02458 1170.21708
2500 1138.43052 1170.12839
2510 1136.88027 1170.03545
2520 1135.37256 1169.93838
2530 1133.90615 1169.83733
2540 1132.47982 1169.73243
2550 1131.09242 1169.62378
2560 1129.74279 1169.51153
2570 1128.42982 1169.39578
2580 1127.15244 1169.27664
2590 1125.90957 1169.15423
2600 1124.70021 1169.02866
2610 1123.52334 1168.90002
2620 1122.378 1168.76842
2630 1121.26325 1168.63395
2640 1120.17816 1168.49672
2650 1119.12184 1168.3568
2660 1118.09342 1168.2143
2670 1117.09206 1168.06929
2680 1116.11695 1167.92186
2690 1115.16727 1167.7721
2700 1114.24226 1167.62007
2710 1113.34117 1167.46586
2720 1112.46326 1167.30953
2730 1111.60783 1167.15117
2740 1110.77418 1166.99084
2750 1109.96165 1166.8286
2760 1109.16959 1166.66452
2770 1108.39736 1166.49867
2780 1107.64436 1166.33111
2790 1106.90998 1166.16189
2800 1106.19366 1165.99107
2810 1105.49483 1165.81871
2820 1104.81294 1165.64486
2830 1104.14749 1165.46957
2840 1103.49794 1165.2929
2850 1102.86381 1165.11489
2860 1102.24461 1164.93559
2870 1101.63988 1164.75505
2880 1101.04917 1164.57331
2890 1100.47203 1164.39041
2900 1099.90805 1164.20639
2910 1099.35681 1164.0213
2920 1098.8179 1163.83517
2930 1098.29095 1163.64805
2940 1097.77557 1163.45996
2950 1097.27141 1163.27095
2960 1096.7781 1163.08104
2970 1096.29531 1162.89028
2980 1095.82271 1162.69869
2990 1095.35997 1162.5063
3000 1094.90678 1162.31315
3010 1094.46284 1162.11926
3020 1094.02786 1161.92466
3030 1093.60155 1161.72938
3040 1093.18365 1161.53345
3050 1092.77388 1161.33689
3060 1092.37198 1161.13972
3070 1091.97771 1160.94198
3080 1091.59083 1160.74368
3090 1091.21109 1160.54484
3100 1090.83829 1160.34549
3110 1090.47218 1160.14564
3120 1090.11257 1159.94533
3130 1089.75924 1159.74456
3140 1089.412 1159.54336
3150 1089.07065 1159.34175
3160 1088.73501 1159.13974
3170 1088.40489 1158.93735
3180 1088.08013 1158.7346
3190 1087.76054 1158.5315
3200 1087.44596 1158.32806
3210 1087.13625 1158.12432
3220 1086.83123 1157.92027
3230 1086.53076 1157.71593
3240 1086.2347 1157.51132
3250 1085.94291 1157.30645
3260 1085.65526 1157.10134
3270 1085.3716 1156.89598
3280 1085.09182 1156.69041
3290 1084.81578 1156.48462
3300 1084.54338 1156.27863
3310 1084.2745 1156.07245
3320 1084.00902 1155.86609
3330 1083.74684 1155.65957
3340 1083.48786 1155.45288
3350 1083.23196 1155.24605
3360 1082.97906 1155.03907
3370 1082.72906 1154.83196
3380 1082.48187 1154.62473
3390 1082.2374 1154.41739
3400 1081.99556 1154.20993
3410 1081.75627 1154.00238
3420 1081.51945 1153.79474
3430 1081.28503 1153.58701
3440 1081.05292 1153.3792
3450 1080.82306 1153.17133
3460 1080.59537 1152.96338
3470 1080.36978 1152.75539
3480 1080.14624 1152.54734
3490 1079.92467 1152.33924
3500 1079.70501 1152.1311
3510 1079.48721 1151.92293
3520 1079.27121 1151.71473
3530 1079.05694 1151.50651
3540 1078.84436 1151.29826
3550 1078.63342 1151.09001
3560 1078.42406 1150.88174
3570 1078.21623 1150.67347
3580 1078.00989 1150.46519
3590 1077.80498 1150.25692
3600 1077.60148 1150.04866
3610 1077.39932 1149.84041
3620 1077.19848 1149.63218
3630 1076.99891 1149.42396
3640 1076.80057 1149.21576
3650 1076.60343 1149.0076
3660 1076.40744 1148.79946
3670 1076.21258 1148.59135
3680 1076.0188 1148.38328
3690 1075.82608 1148.17525
3700 1075.63439 1147.96725
3710 1075.44368 1147.75931
3720 1075.25394 1147.55141
3730 1075.06513 1147.34355
3740 1074.87723 1147.13576
3750 1074.6902 1146.92801
3760 1074.50403 1146.72032
3770 1074.31869 1146.51269
3780 1074.13415 1146.30512
3790 1073.95038 1146.09762
3800 1073.76737 1145.89018
3810 1073.5851 1145.6828
3820 1073.40354 1145.4755
3830 1073.22267 1145.26827
3840 1073.04247 1145.06111
3850 1072.86292 1144.85402
3860 1072.68401 1144.64701
3870 1072.50571 1144.44008
3880 1072.328 1144.23322
3890 1072.15088 1144.02645
3900 1071.97432 1143.81976
3910 1071.79831 1143.61315
3920 1071.62283 1143.40663
3930 1071.44787 1143.20019
3940 1071.27341 1142.99384
3950 1071.09944 1142.78757
3960 1070.92595 1142.5814
3970 1070.75292 1142.37532
3980 1070.58033 1142.16933
3990 1070.40819 1141.96343
4000 1070.23647 1141.75763
4010 1070.06517 1141.55192
4020 1069.89426 1141.3463
4030 1069.72376 1141.14078
4040 1069.55363 1140.93536
4050 1069.38387 1140.73004
4060 1069.21448 1140.52481
4070 1069.04544 1140.31969
4080 1068.87675 1140.11466
4090 1068.70839 1139.90974
4100 1068.54035 1139.70492
4110 1068.37264 1139.5002
4120 1068.20523 1139.29558
4130 1068.03813 1139.09106
4140 1067.87132 1138.88665
4150 1067.70481 1138.68235
4160 1067.53857 1138.47815
4170 1067.37261 1138.27405
4180 1067.20691 1138.07006
4190 1067.04148 1137.86618
4200 1066.8763 1137.66241
4210 1066.71137 1137.45874
4220 1066.54669 1137.25518
4230 1066.38224 1137.05173
4240 1066.21803 1136.84838
4250 1066.05405 1136.64515
4260 1065.89029 1136.44202
4270 1065.72674 1136.23901
4280 1065.56341 1136.0361
4290 1065.40029 1135.8333
4300 1065.23737 1135.63062
4310 1065.07466 1135.42804
4320 1064.91214 1135.22558
4330 1064.74981 1135.02323
4340 1064.58767 1134.82099
4350 1064.42571 1134.61886
4360 1064.26394 1134.41684
4370 1064.10234 1134.21494
4380 1063.94092 1134.01314
4390 1063.77967 1133.81146
4400 1063.61858 1133.60989
4410 1063.45767 1133.40844
4420 1063.29691 1133.2071
4430 1063.13631 1133.00587
4440 1062.97587 1132.80475
4450 1062.81558 1132.60375
4460 1062.65544 1132.40286
4470 1062.49545 1132.20208
4480 1062.33561 1132.00142
4490 1062.17591 1131.80087
4500 1062.01635 1131.60044
4510 1061.85693 1131.40012
4520 1061.69765 1131.19991
4530 1061.5385 1130.99982
4540 1061.37948 1130.79984
4550 1061.2206 1130.59998
4560 1061.06184 1130.40023
4570 1060.90322 1130.2006
4580 1060.74471 1130.00108
4590 1060.58634 1129.80167
4600 1060.42808 1129.60238
4610 1060.26995 1129.4032
4620 1060.11193 1129.20414
4630 1059.95403 1129.00519
4640 1059.79625 1128.80635
4650 1059.63858 1128.60764
4660 1059.48103 1128.40903
4670 1059.32359 1128.21054
4680 1059.16625 1128.01216
4690 1059.00903 1127.8139
4700 1058.85192 1127.61576
4710 1058.69491 1127.41772
4720 1058.53801 1127.21981
4730 1058.38122 1127.022
4740 1058.22453 1126.82431
4750 1058.06794 1126.62674
4760 1057.91146 1126.42928
4770 1057.75507 1126.23193
4780 1057.59879 1126.0347
4790 1057.4426 1125.83758
4800 1057.28652 1125.64058
4810 1057.13053 1125.44369
4820 1056.97463 1125.24692
4830 1056.81884 1125.05026
4840 1056.66314 1124.85371
4850 1056.50753 1124.65728
4860 1056.35202 1124.46096
4870 1056.1966 1124.26475
4880 1056.04127 1124.06866
4890 1055.88603 1123.87269
4900 1055.73089 1123.67682
4910 1055.57583 1123.48107
4920 1055.42087 1123.28544
4930 1055.26599 1123.08991
4940 1055.1112 1122.89451
4950 1054.95651 1122.69921
4960 1054.8019 1122.50403
4970 1054.64737 1122.30896
4980 1054.49293 1122.114
4990 1054.33858 1121.91916
5000 1054.18432 1121.72443
5010 1054.03014 1121.52982
5020 1053.87604 1121.33531
5030 1053.72203 1121.14092
5040 1053.5681 1120.94664
5050 1053.41426 1120.75248
5060 1053.2605 1120.55843
5070 1053.10682 1120.36449
5080 1052.95322 1120.17066
5090 1052.79971 1119.97694
5100 1052.64628 1119.78334
5110 1052.49293 1119.58985
5120 1052.33966 1119.39647
5130 1052.18647 1119.20321
5140 1052.03336 1119.01005
5150 1051.88033 1118.81701
5160 1051.72738 1118.62408
5170 1051.57451 1118.43126
5180 1051.42172 1118.23855
5190 1051.26901 1118.04596
5200 1051.11638 1117.85347
5210 1050.96382 1117.6611
5220 1050.81135 1117.46884
5230 1050.65895 1117.27669
5240 1050.50663 1117.08465
5250 1050.35438 1116.89272
5260 1050.20222 1116.7009
5270 1050.05013 1116.50919
5280 1049.89812 1116.3176
5290 1049.74618 1116.12611
5300 1049.59432 1115.93474
5310 1049.44254 1115.74347
5320 1049.29083 1115.55232
5330 1049.1392 1115.36128
5340 1048.98764 1115.17034
5350 1048.83616 1114.97952
5360 1048.68475 1114.7888
5370 1048.53342 1114.5982
5380 1048.38217 1114.40771
5390 1048.23098 1114.21732
5400 1048.07988 1114.02705
5410 1047.92884 1113.83688
5420 1047.77789 1113.64683
5430 1047.627 1113.45688
5440 1047.47619 1113.26704
5450 1047.32545 1113.07732
5460 1047.17479 1112.8877
5470 1047.0242 1112.69819
5480 1046.87368 1112.50878
5490 1046.72324 1112.31949
5500 1046.57287 1112.13031
5510 1046.42257 1111.94123
5520 1046.27235 1111.75227
5530 1046.1222 1111.56341
5540 1045.97212 1111.37466
5550 1045.82211 1111.18601
5560 1045.67218 1110.99748
5570 1045.52231 1110.80905
5580 1045.37252 1110.62073
5590 1045.2228 1110.43252
5600 1045.07316 1110.24442
5610 1044.92358 1110.05643
5620 1044.77408 1109.86854
5630 1044.62465 1109.68076
5640 1044.47529 1109.49308
5650 1044.326 1109.30552
5660 1044.17678 1109.11806
5670 1044.02764 1108.93071
5680 1043.87856 1108.74346
5690 1043.72956 1108.55632
5700 1043.58063 1108.36929
5710 1043.43176 1108.18236
5720 1043.28297 1107.99555
5730 1043.13425 1107.80883
5740 1042.9856 1107.62223
5750 1042.83702 1107.43573
5760 1042.68851 1107.24933
5770 1042.54007 1107.06305
5780 1042.3917 1106.87686
5790 1042.24341 1106.69079
5800 1042.09518 1106.50482
5810 1041.94702 1106.31895
5820 1041.79893 1106.13319
5830 1041.65091 1105.94754
5840 1041.50296 1105.76199
5850 1041.35508 1105.57655
5860 1041.20727 1105.39121
5870 1041.05953 1105.20598
5880 1040.91186 1105.02085
5890 1040.76426 1104.83582
5900 1040.61672 1104.65091
5910 1040.46926 1104.46609
5920 1040.32187 1104.28138
5930 1040.17454 1104.09678
5940 1040.02728 1103.91228
5950 1039.8801 1103.72788
5960 1039.73298 1103.54359
5970 1039.58593 1103.3594
5980 1039.43895 1103.17532
5990 1039.29204 1102.99133
6000 1039.14519 1102.80746
6010 1038.99842 1102.62369
6020 1038.85171 1102.44002
6030 1038.70507 1102.25645
6040 1038.5585 1102.07299
6050 1038.412 1101.88963
6060 1038.26557 1101.70637
6070 1038.1192 1101.52322
6080 1037.97291 1101.34017
6090 1037.82668 1101.15722
6100 1037.68052 1100.97438
6110 1037.53442 1100.79164
6120 1037.3884 1100.609
6130 1037.24244 1100.42646
6140 1037.09655 1100.24403
6150 1036.95073 1100.0617
6160 1036.80497 1099.87947
6170 1036.65929 1099.69734
6180 1036.51367 1099.51531
6190 1036.36812 1099.33339
6200 1036.22263 1099.15157
6210 1036.07721 1098.96985
6220 1035.93186 1098.78823
6230 1035.78658 1098.60672
6240 1035.64137 1098.4253
6250 1035.49622 1098.24399
6260 1035.35114 1098.06277
6270 1035.20612 1097.88166
6280 1035.06117 1097.70065
6290 1034.91629 1097.51975
6300 1034.77148 1097.33894
6310 1034.62673 1097.15823
6320 1034.48205 1096.97762
6330 1034.33744 1096.79712
6340 1034.19289 1096.61671
6350 1034.04841 1096.43641
6360 1033.904 1096.2562
6370 1033.75965 1096.0761
6380 1033.61537 1095.8961
6390 1033.47115 1095.71619
6400 1033.32701 1095.53639
6410 1033.18292 1095.35669
6420 1033.03891 1095.17708
6430 1032.89496 1094.99758
6440 1032.75107 1094.81817
6450 1032.60726 1094.63887
6460 1032.4635 1094.45966
6470 1032.31982 1094.28055
6480 1032.1762 1094.10155
6490 1032.03264 1093.92264
6500 1031.88915 1093.74383
6510 1031.74573 1093.56512
6520 1031.60237 1093.38651
6530 1031.45908 1093.208
6540 1031.31586 1093.02958
6550 1031.1727 1092.85127
6560 1031.0296 1092.67305
6570 1030.88657 1092.49494
6580 1030.74361 1092.31692
6590 1030.60071 1092.13899
6600 1030.45788 1091.96117
6610 1030.31511 1091.78345
6620 1030.1724 1091.60582
6630 1030.02976 1091.42829
6640 1029.88719 1091.25086
6650 1029.74468 1091.07353
6660 1029.60224 1090.89629
6670 1029.45986 1090.71915
6680 1029.31755 1090.54211
6690 1029.1753 1090.36517
6700 1029.03312 1090.18832
6710 1028.891 1090.01157
6720 1028.74894 1089.83492
6730 1028.60695 1089.65836
6740 1028.46503 1089.48191
6750 1028.32317 1089.30554
6760 1028.18137 1089.12928
6770 1028.03964 1088.95311
6780 1027.89797 1088.77704
6790 1027.75637 1088.60107
6800 1027.61483 1088.42519
6810 1027.47335 1088.2494
6820 1027.33194 1088.07372
6830 1027.1906 1087.89813
6840 1027.04931 1087.72263
6850 1026.90809 1087.54724
6860 1026.76694 1087.37193
6870 1026.62585 1087.19673
6880 1026.48482 1087.02162
6890 1026.34386 1086.8466
6900 1026.20296 1086.67168
6910 1026.06213 1086.49686
6920 1025.92135 1086.32213
6930 1025.78065 1086.1475
6940 1025.64 1085.97296
6950 1025.49942 1085.79852
6960 1025.3589 1085.62417
6970 1025.21845 1085.44991
6980 1025.07806 1085.27576
6990 1024.93773 1085.10169
7000 1024.79747 1084.92772
7010 1024.65727 1084.75385
7020 1024.51713 1084.58007
7030 1024.37706 1084.40638
7040 1024.23705 1084.23279
7050 1024.0971 1084.05929
7060 1023.95721 1083.88589
7070 1023.81739 1083.71258
7080 1023.67763 1083.53937
7090 1023.53794 1083.36625
7100 1023.3983 1083.19322
7110 1023.25873 1083.02028
7120 1023.11922 1082.84744
7130 1022.97978 1082.6747
7140 1022.8404 1082.50204
7150 1022.70108 1082.32948
7160 1022.56182 1082.15702
7170 1022.42263 1081.98465
7180 1022.28349 1081.81237
7190 1022.14442 1081.64018
7200 1022.00542 1081.46808
7210 1021.86647 1081.29608
7220 1021.72759 1081.12417
7230 1021.58877 1080.95236
7240 1021.45001 1080.78063
7250 1021.31131 1080.609
7260 1021.17268 1080.43747
7270 1021.03411 1080.26602
7280 1020.8956 1080.09467
7290 1020.75715 1079.92341
7300 1020.61877 1079.75224
7310 1020.48044 1079.58116
7320 1020.34218 1079.41017
7330 1020.20398 1079.23928
7340 1020.06584 1079.06848
7350 1019.92776 1078.89777
7360 1019.78975 1078.72715
7370 1019.65179 1078.55662
7380 1019.5139 1078.38619
7390 1019.37607 1078.21584
7400 1019.2383 1078.04559
7410 1019.10059 1077.87543
7420 1018.96295 1077.70536
7430 1018.82536 1077.53538
7440 1018.68784 1077.36549
7450 1018.55038 1077.19569
7460 1018.41298 1077.02599
7470 1018.27564 1076.85637
7480 1018.13836 1076.68685
7490 1018.00114 1076.51741
7500 1017.86398 1076.34807
7510 1017.72689 1076.17881
7520 1017.58985 1076.00965
7530 1017.45288 1075.84058
7540 1017.31596 1075.67159
7550 1017.17911 1075.5027
7560 1017.04232 1075.3339
7570 1016.90559 1075.16518
7580 1016.76892 1074.99656
7590 1016.63231 1074.82803
7600 1016.49576 1074.65958
7610 1016.35927 1074.49123
7620 1016.22284 1074.32296
7630 1016.08648 1074.15479
7640 1015.95017 1073.9867
7650 1015.81392 1073.8187
7660 1015.67774 1073.6508
7670 1015.54161 1073.48298
7680 1015.40555 1073.31525
7690 1015.26954 1073.14761
7700 1015.13359 1072.98006
7710 1014.99771 1072.81259
7720 1014.86188 1072.64522
7730 1014.72612 1072.47793
7740 1014.59041 1072.31074
7750 1014.45477 1072.14363
7760 1014.31918 1071.97661
7770 1014.18366 1071.80968
7780 1014.04819 1071.64283
7790 1013.91278 1071.47608
7800 1013.77744 1071.30941
7810 1013.64215 1071.14283
7820 1013.50692 1070.97634
7830 1013.37176 1070.80994
7840 1013.23665 1070.64362
7850 1013.1016 1070.47739
7860 1012.96661 1070.31125
7870 1012.83168 1070.1452
7880 1012.69681 1069.97923
7890 1012.562 1069.81336
7900 1012.42725 1069.64757
7910 1012.29256 1069.48186
7920 1012.15792 1069.31625
7930 1012.02335 1069.15072
7940 1011.88884 1068.98527
7950 1011.75438 1068.81992
7960 1011.61998 1068.65465
7970 1011.48565 1068.48947
7980 1011.35137 1068.32437
7990 1011.21715 1068.15937
8000 1011.08299 1067.99444
8010 1010.94888 1067.82961
8020 1010.81484 1067.66486
8030 1010.68086 1067.5002
8040 1010.54693 1067.33562
8050 1010.41306 1067.17113
8060 1010.27926 1067.00673
8070 1010.14551 1066.84241
8080 1010.01181 1066.67818
8090 1009.87818 1066.51403
8100 1009.74461 1066.34997
8110 1009.61109 1066.186
8120 1009.47763 1066.02211
8130 1009.34423 1065.8583
8140 1009.21089 1065.69459
8150 1009.07761 1065.53095
8160 1008.94438 1065.36741
8170 1008.81122 1065.20394
8180 1008.67811 1065.04057
8190 1008.54506 1064.87728
8200 1008.41207 1064.71407
8210 1008.27913 1064.55095
8220 1008.14626 1064.38791
8230 1008.01344 1064.22496
8240 1007.88068 1064.06209
8250 1007.74797 1063.89931
8260 1007.61533 1063.73661
8270 1007.48274 1063.574
8280 1007.35021 1063.41147
8290 1007.21774 1063.24902
8300 1007.08532 1063.08666
8310 1006.95297 1062.92439
8320 1006.82067 1062.7622
8330 1006.68843 1062.60009
8340 1006.55624 1062.43806
8350 1006.42412 1062.27613
8360 1006.29205 1062.11427
8370 1006.16003 1061.9525
8380 1006.02808 1061.79081
8390 1005.89618 1061.6292
8400 1005.76434 1061.46768
8410 1005.63256 1061.30624
8420 1005.50083 1061.14489
8430 1005.36916 1060.98362
8440 1005.23755 1060.82243
8450 1005.106 1060.66133
8460 1004.9745 1060.50031
8470 1004.84306 1060.33937
8480 1004.71167 1060.17851
8490 1004.58034 1060.01774
8500 1004.44907 1059.85705
8510 1004.31786 1059.69644
8520 1004.1867 1059.53592
8530 1004.0556 1059.37548
8540 1003.92456 1059.21512
8550 1003.79357 1059.05484
8560 1003.66264 1058.89465
8570 1003.53177 1058.73454
8580 1003.40095 1058.57451
8590 1003.27019 1058.41456
8600 1003.13948 1058.2547
8610 1003.00884 1058.09491
8620 1002.87824 1057.93521
8630 1002.74771 1057.77559
8640 1002.61723 1057.61606
8650 1002.4868 1057.4566
8660 1002.35644 1057.29723
8670 1002.22613 1057.13794
8680 1002.09587 1056.97873
8690 1001.96567 1056.8196
8700 1001.83553 1056.66055
8710 1001.70544 1056.50158
8720 1001.57541 1056.3427
8730 1001.44544 1056.1839
8740 1001.31552 1056.02517
8750 1001.18565 1055.86653
8760 1001.05585 1055.70797
8770 1000.92609 1055.54949
8780 1000.7964 1055.39109
8790 1000.66676 1055.23278
8800 1000.53717 1055.07454
8810 1000.40764 1054.91638
8820 1000.27817 1054.75831
8830 1000.14875 1054.60031
8840 1000.01939 1054.4424
8850 999.89008 1054.28456
8860 999.76083 1054.12681
8870 999.63163 1053.96914
8880 999.50249 1053.81154
8890 999.3734 1053.65403
8900 999.24437 1053.4966
8910 999.1154 1053.33924
8920 998.98648 1053.18197
8930 998.85761 1053.02478
8940 998.7288 1052.86766
8950 998.60005 1052.71063
8960 998.47135 1052.55367
8970 998.3427 1052.3968
8980 998.21411 1052.24
8990 998.08557 1052.08329
9000 997.95709 1051.92665
9010 997.82867 1051.77009
9020 997.7003 1051.61362
9030 997.57198 1051.45722
9040 997.44372 1051.3009
9050 997.31551 1051.14466
9060 997.18736 1050.9885
9070 997.05926 1050.83241
9080 996.93122 1050.67641
9090 996.80323 1050.52048
9100 996.67529 1050.36464
9110 996.54741 1050.20887
9120 996.41959 1050.05318
9130 996.29182 1049.89757
9140 996.1641 1049.74204
9150 996.03644 1049.58658
9160 995.90883 1049.43121
9170 995.78127 1049.27591
9180 995.65377 1049.12069
9190 995.52633 1048.96555
9200 995.39894 1048.81048
9210 995.2716 1048.6555
9220 995.14431 1048.50059
9230 995.01708 1048.34576
9240 994.88991 1048.19101
9250 994.76279 1048.03634
9260 994.63572 1047.88174
9270 994.5087 1047.72722
9280 994.38174 1047.57278
9290 994.25483 1047.41842
9300 994.12798 1047.26413
9310 994.00118 1047.10992
9320 993.87444 1046.95579
9330 993.74774 1046.80173
9340 993.62111 1046.64775
9350 993.49452 1046.49385
9360 993.36799 1046.34003
9370 993.24151 1046.18628
9380 993.11508 1046.03261
9390 992.98871 1045.87902
9400 992.8624 1045.7255
9410 992.73613 1045.57206
9420 992.60992 1045.4187
9430 992.48376 1045.26541
9440 992.35765 1045.1122
9450 992.2316 1044.95907
9460 992.1056 1044.80601
9470 991.97966 1044.65303
9480 991.85377 1044.50013
9490 991.72793 1044.3473
9500 991.60214 1044.19455
9510 991.4764 1044.04187
9520 991.35072 1043.88927
9530 991.2251 1043.73674
9540 991.09952 1043.58429
9550 990.974 1043.43192
9560 990.84853 1043.27962
9570 990.72311 1043.1274
9580 990.59775 1042.97525
9590 990.47243 1042.82318
9600 990.34717 1042.67119
9610 990.22197 1042.51927
9620 990.09681 1042.36742
9630 989.97171 1042.21565
9640 989.84666 1042.06396
9650 989.72167 1041.91234
9660 989.59672 1041.7608
9670 989.47183 1041.60933
9680 989.34699 1041.45793
9690 989.2222 1041.30661
9700 989.09747 1041.15537
9710 988.97279 1041.0042
9720 988.84815 1040.85311
9730 988.72358 1040.70209
9740 988.59905 1040.55114
9750 988.47457 1040.40027
9760 988.35015 1040.24947
9770 988.22578 1040.09875
9780 988.10146 1039.9481
9790 987.9772 1039.79753
9800 987.85298 1039.64703
9810 987.72882 1039.4966
9820 987.60471 1039.34625
9830 987.48065 1039.19597
9840 987.35664 1039.04577
9850 987.23269 1038.89564
9860 987.10878 1038.74559
9870 986.98493 1038.5956
9880 986.86113 1038.4457
9890 986.73738 1038.29586
9900 986.61368 1038.1461
9910 986.49003 1037.99641
9920 986.36644 1037.8468
9930 986.2429 1037.69726
9940 986.1194 1037.54779
9950 985.99596 1037.3984
9960 985.87257 1037.24908
9970 985.74924 1037.09983
9980 985.62595 1036.95065
9990 985.50271 1036.80155
10000 985.37953 1036.65252
10010 985.2564 1036.50357
10020 985.13331 1036.35469
10030 985.01028 1036.20588
10040 984.8873 1036.05714
10050 984.76437 1035.90847
10060 984.6415 1035.75988
10070 984.51867 1035.61136
10080 984.39589 1035.46292
10090 984.27317 1035.31454
10100 984.15049 1035.16624
10110 984.02787 1035.01801
10120 983.9053 1034.86985
10130 983.78277 1034.72177
10140 983.6603 1034.57376
10150 983.53788 1034.42582
10160 983.41551 1034.27795
10170 983.29319 1034.13015
10180 983.17092 1033.98242
10190 983.0487 1033.83477
10200 982.92654 1033.68719
10210 982.80442 1033.53968
10220 982.68235 1033.39224
10230 982.56033 1033.24488
10240 982.43837 1033.09758
10250 982.31645 1032.95036
10260 982.19459 1032.80321
10270 982.07277 1032.65613
10280 981.95101 1032.50912
10290 981.82929 1032.36218
10300 981.70763 1032.21531
10310 981.58601 1032.06852
10320 981.46445 1031.92179
10330 981.34293 1031.77514
10340 981.22147 1031.62856
10350 981.10005 1031.48205
10360 980.97869 1031.3356
10370 980.85737 1031.18923
10380 980.73611 1031.04294
10390 980.61489 1030.89671
10400 980.49373 1030.75055
10410 980.37261 1030.60446
10420 980.25154 1030.45845
10430 980.13053 1030.3125
10440 980.00956 1030.16662
10450 979.88864 1030.02082
10460 979.76778 1029.87508
10470 979.64696 1029.72942
10480 979.52619 1029.58382
10490 979.40547 1029.4383
10500 979.2848 1029.29284
10510 979.16418 1029.14746
10520 979.04361 1029.00214
10530 978.92309 1028.8569
10540 978.80262 1028.71172
10550 978.6822 1028.56662
10560 978.56183 1028.42158
10570 978.4415 1028.27662
10580 978.32123 1028.13172
10590 978.201 1027.98689
10600 978.08083 1027.84214
10610 977.9607 1027.69745
10620 977.84062 1027.55283
10630 977.72059 1027.40828
10640 977.60061 1027.2638
10650 977.48068 1027.11939
10660 977.3608 1026.97505
10670 977.24096 1026.83078
10680 977.12118 1026.68657
10690 977.00144 1026.54244
10700 976.88176 1026.39837
10710 976.76212 1026.25438
10720 976.64253 1026.11045
10730 976.52299 1025.96659
10740 976.4035 1025.8228
10750 976.28406 1025.67908
10760 976.16466 1025.53543
10770 976.04532 1025.39184
10780 975.92602 1025.24832
10790 975.80677 1025.10488
10800 975.68757 1024.9615
10810 975.56842 1024.81819
10820 975.44931 1024.67494
10830 975.33026 1024.53177
10840 975.21125 1024.38866
10850 975.09229 1024.24563
10860 974.97338 1024.10265
10870 974.85452 1023.95975
10880 974.73571 1023.81692
10890 974.61694 1023.67415
10900 974.49823 1023.53145
10910 974.37956 1023.38882
10920 974.26094 1023.24626
10930 974.14236 1023.10376
10940 974.02384 1022.96134
10950 973.90536 1022.81898
10960 973.78693 1022.67668
10970 973.66855 1022.53446
10980 973.55022 1022.3923
10990 973.43193 1022.25021
11000 973.3137 1022.10819
11010 973.19551 1021.96623
11020 973.07736 1021.82434
11030 972.95927 1021.68252
11040 972.84122 1021.54077
11050 972.72323 1021.39908
11060 972.60528 1021.25746
11070 972.48737 1021.1159
11080 972.36952 1020.97442
11090 972.25171 1020.833
11100 972.13395 1020.69164
11110 972.01623 1020.55036
11120 971.89857 1020.40914
11130 971.78095 1020.26798
11140 971.66338 1020.1269
11150 971.54586 1019.98588
11160 971.42838 1019.84492
11170 971.31095 1019.70403
11180 971.19357 1019.56321
11190 971.07624 1019.42246
11200 970.95895 1019.28177
11210 970.84171 1019.14115
11220 970.72452 1019.00059
11230 970.60737 1018.8601
11240 970.49027 1018.71967
11250 970.37322 1018.57932
11260 970.25622 1018.43902
11270 970.13926 1018.2988
11280 970.02235 1018.15864
11290 969.90549 1018.01854
11300 969.78867 1017.87851
11310 969.6719 1017.73855
11320 969.55518 1017.59865
11330 969.4385 1017.45882
11340 969.32187 1017.31905
11350 969.20529 1017.17935
11360 969.08875 1017.03971
11370 968.97226 1016.90014
11380 968.85582 1016.76063
11390 968.73942 1016.62119
11400 968.62308 1016.48182
11410 968.50677 1016.34251
11420 968.39052 1016.20326
11430 968.27431 1016.06408
11440 968.15814 1015.92497
11450 968.04203 1015.78592
11460 967.92596 1015.64693
11470 967.80993 1015.50801
11480 967.69395 1015.36916
11490 967.57802 1015.23036
11500 967.46214 1015.09164
11510 967.3463 1014.95298
11520 967.23051 1014.81438
11530 967.11476 1014.67585
11540 966.99906 1014.53738
11550 966.88341 1014.39897
11560 966.7678 1014.26063
11570 966.65224 1014.12236
11580 966.53672 1013.98415
11590 966.42125 1013.846
11600 966.30583 1013.70792
11610 966.19045 1013.5699
11620 966.07512 1013.43195
11630 965.95983 1013.29406
11640 965.84459 1013.15623
11650 965.7294 1013.01847
11660 965.61425 1012.88077
11670 965.49915 1012.74313
11680 965.38409 1012.60556
11690 965.26908 1012.46805
11700 965.15411 1012.33061
11710 965.03919 1012.19323
11720 964.92432 1012.05591
11730 964.80949 1011.91866
11740 964.69471 1011.78147
11750 964.57997 1011.64435
11760 964.46528 1011.50728
11770 964.35063 1011.37028
11780 964.23603 1011.23335
11790 964.12147 1011.09647
11800 964.00696 1010.95966
11810 963.8925 1010.82292
11820 963.77808 1010.68623
11830 963.6637 1010.54961
11840 963.54937 1010.41305
11850 963.43509 1010.27656
11860 963.32085 1010.14013
11870 963.20666 1010.00376
11880 963.09251 1009.86745
11890 962.97841 1009.73121
11900 962.86435 1009.59503
11910 962.75034 1009.45891
11920 962.63637 1009.32285
11930 962.52244 1009.18686
11940 962.40857 1009.05093
11950 962.29473 1008.91506
11960 962.18095 1008.77926
11970 962.0672 1008.64351
11980 961.9535 1008.50783
11990 961.83985 1008.37221
12000 961.72624 1008.23665
12010 961.61268 1008.10116
12020 961.49916 1007.96573
12030 961.38568 1007.83036
12040 961.27225 1007.69505
12050 961.15887 1007.5598
12060 961.04553 1007.42462
12070 960.93223 1007.28949
12080 960.81898 1007.15443
12090 960.70577 1007.01943
12100 960.59261 1006.8845
12110 960.47949 1006.74962
12120 960.36642 1006.6148
12130 960.25339 1006.48005
12140 960.14041 1006.34536
12150 960.02747 1006.21073
12160 959.91457 1006.07616
12170 959.80172 1005.94166
12180 959.68891 1005.80721
12190 959.57615 1005.67283
12200 959.46343 1005.5385
12210 959.35075 1005.40424
12220 959.23812 1005.27004
12230 959.12554 1005.1359
12240 959.01299 1005.00182
12250 958.9005 1004.8678
12260 958.78804 1004.73385
12270 958.67563 1004.59995
12280 958.56327 1004.46611
12290 958.45094 1004.33234
12300 958.33867 1004.19863
12310 958.22643 1004.06497
12320 958.11424 1003.93138
12330 958.00209 1003.79785
12340 957.88999 1003.66438
12350 957.77793 1003.53097
12360 957.66592 1003.39762
12370 957.55395 1003.26433
12380 957.44202 1003.1311
12390 957.33013 1002.99793
12400 957.21829 1002.86482
12410 957.1065 1002.73178
12420 956.99474 1002.59879
12430 956.88303 1002.46586
12440 956.77137 1002.33299
12450 956.65975 1002.20018
12460 956.54817 1002.06744
12470 956.43663 1001.93475
12480 956.32514 1001.80212
12490 956.21369 1001.66955
12500 956.10229 1001.53705
12510 955.99092 1001.4046
12520 955.8796 1001.27221
12530 955.76833 1001.13988
12540 955.6571 1001.00761
12550 955.54591 1000.8754
12560 955.43476 1000.74325
12570 955.32366 1000.61116
12580 955.2126 1000.47913
12590 955.10158 1000.34716
12600 954.99061 1000.21525
12610 954.87968 1000.08339
12620 954.76879 999.9516
12630 954.65795 999.81987
12640 954.54715 999.68819
12650 954.43639 999.55657
12660 954.32568 999.42502
12670 954.215 999.29352
12680 954.10438 999.16208
12690 953.99379 999.0307
12700 953.88325 998.89938
12710 953.77274 998.76812
12720 953.66229 998.63692
12730 953.55187 998.50577
12740 953.4415 998.37469
12750 953.33117 998.24366
12760 953.22088 998.11269
12770 953.11064 997.98178
12780 953.00043 997.85093
12790 952.89028 997.72014
12800 952.78016 997.58941
12810 952.67008 997.45873
12820 952.56005 997.32811
12830 952.45006 997.19755
12840 952.34012 997.06705
12850 952.23021 996.93661
12860 952.12035 996.80623
12870 952.01053 996.6759
12880 951.90075 996.54563
12890 951.79102 996.41542
12900 951.68132 996.28527
12910 951.57167 996.15518
12920 951.46207 996.02514
12930 951.3525 995.89517
12940 951.24298 995.76525
12950 951.13349 995.63539
12960 951.02405 995.50558
12970 950.91466 995.37584
12980 950.8053 995.24615
12990 950.69599 995.11652
13000 950.58672 994.98694
13010 950.47749 994.85743
13020 950.3683 994.72797
13030 950.25915 994.59857
13040 950.15005 994.46922
13050 950.04099 994.33994
13060 949.93197 994.21071
13070 949.82299 994.08154
13080 949.71405 993.95242
13090 949.60516 993.82337
13100 949.49631 993.69437
13110 949.38749 993.56543
13120 949.27873 993.43654
13130 949.17 993.30771
13140 949.06131 993.17894
13150 948.95267 993.05023
13160 948.84406 992.92157
13170 948.7355 992.79297
13180 948.62698 992.66442
13190 948.5185 992.53594
13200 948.41007 992.40751
13210 948.30167 992.27913
13220 948.19332 992.15082
13230 948.08501 992.02256
13240 947.97674 991.89435
13250 947.86851 991.76621
13260 947.76032 991.63812
13270 947.65217 991.51008
13280 947.54406 991.3821
13290 947.436 991.25418
13300 947.32798 991.12632
13310 947.21999 990.99851
13320 947.11205 990.87076
13330 947.00415 990.74306
13340 946.8963 990.61542
13350 946.78848 990.48784
13360 946.6807 990.36031
13370 946.57297 990.23284
13380 946.46527 990.10542
13390 946.35762 989.97806
13400 946.25001 989.85076
13410 946.14243 989.72351
13420 946.0349 989.59632
13430 945.92741 989.46918
13440 945.81996 989.3421
13450 945.71256 989.21507
13460 945.60519 989.08811
13470 945.49786 988.96119
13480 945.39058 988.83433
13490 945.28333 988.70753
13500 945.17613 988.58078
13510 945.06896 988.45409
13520 944.96184 988.32746
13530 944.85476 988.20088
13540 944.74772 988.07435
13550 944.64072 987.94788
13560 944.53376 987.82146
13570 944.42684 987.6951
13580 944.31996 987.5688
13590 944.21312 987.44255
13600 944.10632 987.31636
13610 943.99956 987.19022
13620 943.89284 987.06413
13630 943.78617 986.9381
13640 943.67953 986.81213
13650 943.57293 986.68621
13660 943.46638 986.56034
13670 943.35986 986.43453
13680 943.25338 986.30878
13690 943.14695 986.18308
13700 943.04055 986.05743
13710 942.9342 985.93184
13720 942.82788 985.80631
13730 942.72161 985.68082
13740 942.61537 985.5554
13750 942.50918 985.43002
13760 942.40302 985.30471
13770 942.29691 985.17944
13780 942.19083 985.05423
13790 942.0848 984.92908
13800 941.97881 984.80398
13810 941.87285 984.67893
13820 941.76694 984.55394
13830 941.66106 984.429
13840 941.55523 984.30411
13850 941.44943 984.17928
13860 941.34368 984.05451
13870 941.23796 983.92979
13880 941.13228 983.80512
13890 941.02665 983.6805
13900 940.92105 983.55594
13910 940.81549 983.43144
13920 940.70998 983.30698
13930 940.6045 983.18258
13940 940.49906 983.05824
13950 940.39366 982.93395
13960 940.2883 982.80971
13970 940.18299 982.68553
13980 940.07771 982.56139
13990 939.97247 982.43732
14000 939.86726 982.31329
14010 939.7621 982.18932
14020 939.65698 982.06541
14030 939.5519 981.94154
14040 939.44686 981.81773
14050 939.34185 981.69398
14060 939.23689 981.57027
14070 939.13196 981.44662
14080 939.02708 981.32303
14090 938.92223 981.19948
14100 938.81742 981.07599
14110 938.71265 980.95255
14120 938.60792 980.82917
14130 938.50323 980.70584
14140 938.39858 980.58256
14150 938.29397 980.45933
14160 938.1894 980.33616
14170 938.08487 980.21304
14180 937.98037 980.08997
14190 937.87592 979.96696
14200 937.7715 979.84399
14210 937.66712 979.72108
14220 937.56278 979.59823
14230 937.45848 979.47542
14240 937.35422 979.35267
14250 937.25 979.22997
14260 937.14582 979.10733
14270 937.04167 978.98473
14280 936.93757 978.86219
14290 936.8335 978.7397
14300 936.72947 978.61727
14310 936.62548 978.49488
14320 936.52153 978.37255
14330 936.41762 978.25027
14340 936.31375 978.12804
14350 936.20991 978.00587
14360 936.10611 977.88374
14370 936.00236 977.76167
14380 935.89864 977.63965
14390 935.79496 977.51768
14400 935.69131 977.39577
14410 935.58771 977.2739
14420 935.48415 977.15209
14430 935.38062 977.03033
14440 935.27713 976.90862
14450 935.17368 976.78697
14460 935.07027 976.66536
14470 934.9669 976.54381
14480 934.86356 976.42231
14490 934.76026 976.30086
14500 934.65701 976.17946
14510 934.55379 976.05812
14520 934.4506 975.93682
14530 934.34746 975.81558
14540 934.24435 975.69439
14550 934.14129 975.57325
14560 934.03826 975.45216
14570 933.93527 975.33112
14580 933.83231 975.21013
14590 933.7294 975.0892
14600 933.62652 974.96831
14610 933.52368 974.84748
14620 933.42088 974.7267
14630 933.31812 974.60597
14640 933.21539 974.48529
14650 933.11271 974.36466
14660 933.01006 974.24408
14670 932.90744 974.12355
14680 932.80487 974.00308
14690 932.70234 973.88265
14700 932.59984 973.76228
14710 932.49738 973.64196
14720 932.39495 973.52169
14730 932.29257 973.40146
14740 932.19022 973.28129
14750 932.08791 973.16117
14760 931.98564 973.0411
14770 931.88341 972.92108
14780 931.78121 972.80112
14790 931.67905 972.6812
14800 931.57693 972.56133
14810 931.47485 972.44151
14820 931.3728 972.32175
14830 931.27079 972.20203
14840 931.16882 972.08237
14850 931.06689 971.96275
14860 930.96499 971.84318
14870 930.86313 971.72367
14880 930.76131 971.60421
14890 930.65953 971.48479
14900 930.55778 971.36543
14910 930.45607 971.24611
14920 930.3544 971.12685
14930 930.25276 971.00763
14940 930.15117 970.88847
14950 930.04961 970.76935
14960 929.94808 970.65029
14970 929.8466 970.53128
14980 929.74515 970.41231
14990 929.64374 970.2934
15000 929.54236 970.17453
15010 929.44102 970.05572
15020 929.33972 969.93695
15030 929.23846 969.81823
15040 929.13723 969.69957
15050 929.03604 969.58095
15060 928.93489 969.46238
15070 928.83378 969.34387
15080 928.7327 969.2254
15090 928.63166 969.10698
15100 928.53065 968.98861
15110 928.42968 968.87029
15120 928.32875 968.75202
15130 928.22786 968.6338
15140 928.127 968.51563
15150 928.02618 968.39751
15160 927.9254 968.27943
15170 927.82465 968.16141
15180 927.72394 968.04343
15190 927.62327 967.92551
15200 927.52263 967.80763
15210 927.42203 967.6898
15220 927.32146 967.57202
15230 927.22094 967.45429
15240 927.12045 967.33661
15250 927.01999 967.21898
15260 926.91958 967.1014
15270 926.8192 966.98386
15280 926.71885 966.86638
15290 926.61854 966.74894
15300 926.51827 966.63155
15310 926.41804 966.51421
15320 926.31784 966.39692
15330 926.21768 966.27968
15340 926.11755 966.16249
15350 926.01746 966.04534
15360 925.91741 965.92825
15370 925.81739 965.8112
15380 925.71741 965.6942
15390 925.61747 965.57725
15400 925.51756 965.46035
15410 925.41769 965.34349
15420 925.31785 965.22669
15430 925.21805 965.10993
15440 925.11829 964.99322
15450 925.01856 964.87656
15460 924.91887 964.75995
15470 924.81921 964.64338
15480 924.71959 964.52687
15490 924.62001 964.4104
15500 924.52046 964.29398
15510 924.42095 964.1776
15520 924.32148 964.06128
15530 924.22204 963.945
15540 924.12264 963.82878
15550 924.02327 963.71259
15560 923.92394 963.59646
15570 923.82464 963.48038
15580 923.72538 963.36434
15590 923.62616 963.24835
15600 923.52697 963.13241
15610 923.42782 963.01651
15620 923.3287 962.90067
15630 923.22962 962.78487
15640 923.13058 962.66912
15650 923.03157 962.55341
15660 922.93259 962.43776
15670 922.83366 962.32215
15680 922.73475 962.20659
15690 922.63589 962.09108
15700 922.53705 961.97561
15710 922.43826 961.86019
15720 922.3395 961.74482
15730 922.24077 961.62949
15740 922.14209 961.51422
15750 922.04343 961.39899
15760 921.94481 961.2838
15770 921.84623 961.16867
15780 921.74768 961.05358
15790 921.64917 960.93854
15800 921.5507 960.82355
15810 921.45226 960.7086
15820 921.35385 960.5937
15830 921.25548 960.47884
15840 921.15714 960.36404
15850 921.05884 960.24928
15860 920.96058 960.13457
15870 920.86235 960.0199
15880 920.76416 959.90528
15890 920.666 959.79071
15900 920.56787 959.67618
15910 920.46978 959.56171
15920 920.37173 959.44727
15930 920.27371 959.33289
15940 920.17573 959.21855
15950 920.07778 959.10426
15960 919.97987 958.99001
15970 919.88199 958.87581
15980 919.78415 958.76166
15990 919.68634 958.64755
16000 919.58857 958.53349
16010 919.49083 958.41948
16020 919.39312 958.30551
16030 919.29546 958.19159
16040 919.19782 958.07772
16050 919.10022 957.96389
16060 919.00266 957.85011
16070 918.90513 957.73637
16080 918.80764 957.62268
16090 918.71018 957.50904
16100 918.61275 957.39544
16110 918.51536 957.28189
16120 918.41801 957.16839
16130 918.32069 957.05493
16140 918.2234 956.94151
16150 918.12615 956.82815
16160 918.02893 956.71482
16170 917.93175 956.60155
16180 917.8346 956.48832
16190 917.73749 956.37514
16200 917.64041 956.262
16210 917.54337 956.14891
16220 917.44636 956.03586
16230 917.34938 955.92286
16240 917.25244 955.8099
16250 917.15554 955.69699
16260 917.05867 955.58413
16270 916.96183 955.47131
16280 916.86503 955.35854
16290 916.76826 955.24581
16300 916.67152 955.13313
16310 916.57482 955.02049
16320 916.47816 954.9079
16330 916.38153 954.79535
16340 916.28493 954.68285
16350 916.18837 954.5704
16360 916.09184 954.45799
16370 915.99535 954.34562
16380 915.89889 954.2333
16390 915.80246 954.12103
16400 915.70607 954.0088
16410 915.60971 953.89662
16420 915.51339 953.78448
16430 915.4171 953.67238
16440 915.32084 953.56034
16450 915.22462 953.44833
16460 915.12844 953.33637
16470 915.03228 953.22446
16480 914.93616 953.11259
16490 914.84008 953.00077
16500 914.74403 952.88899
16510 914.64801 952.77725
16520 914.55203 952.66556
16530 914.45608 952.55392
16540 914.36016 952.44232
16550 914.26428 952.33076
16560 914.16843 952.21925
16570 914.07262 952.10779
16580 913.97684 951.99637
16590 913.88109 951.88499
16600 913.78538 951.77366
16610 913.6897 951.66237
16620 913.59406 951.55113
16630 913.49844 951.43993
16640 913.40287 951.32877
16650 913.30732 951.21766
16660 913.21181 951.1066
16670 913.11633 950.99558
16680 913.02089 950.8846
16690 912.92548 950.77367
16700 912.8301 950.66278
16710 912.73476 950.55193
16720 912.63945 950.44113
16730 912.54418 950.33038
16740 912.44893 950.21967
16750 912.35372 950.109
16760 912.25855 949.99838
16770 912.16341 949.8878
16780 912.0683 949.77726
16790 911.97322 949.66677
16800 911.87818 949.55632
16810 911.78317 949.44592
16820 911.6882 949.33556
16830 911.59326 949.22524
16840 911.49835 949.11497
16850 911.40347 949.00474
16860 911.30863 948.89456
16870 911.21382 948.78442
16880 911.11905 948.67432
16890 911.0243 948.56427
16900 910.92959 948.45426
16910 910.83492 948.34429
16920 910.74027 948.23437
16930 910.64566 948.12449
16940 910.55109 948.01465
16950 910.45654 947.90486
16960 910.36203 947.79511
16970 910.26756 947.68541
16980 910.17311 947.57575
16990 910.0787 947.46613
17000 909.98432 947.35656
17010 909.88997 947.24702
17020 909.79566 947.13754
17030 909.70138 947.02809
17040 909.60713 946.91869
17050 909.51292 946.80933
17060 909.41874 946.70002
17070 909.32459 946.59074
17080 909.23048 946.48152
17090 909.13639 946.37233
17100 909.04234 946.26319
17110 908.94832 946.15409
17120 908.85434 946.04503
17130 908.76039 945.93602
17140 908.66647 945.82705
17150 908.57258 945.71812
17160 908.47873 945.60923
17170 908.38491 945.50039
17180 908.29112 945.39159
17190 908.19736 945.28284
17200 908.10364 945.17412
17210 908.00995 945.06545
17220 907.91629 944.95682
17230 907.82267 944.84824
17240 907.72907 944.7397
17250 907.63551 944.6312
17260 907.54199 944.52274
17270 907.44849 944.41433
17280 907.35503 944.30595
17290 907.2616 944.19762
17300 907.1682 944.08934
17310 907.07483 943.98109
17320 906.9815 943.87289
17330 906.8882 943.76473
17340 906.79493 943.65661
17350 906.70169 943.54854
17360 906.60849 943.4405
17370 906.51532 943.33251
17380 906.42218 943.22457
17390 906.32907 943.11666
17400 906.23599 943.0088
17410 906.14295 942.90098
17420 906.04994 942.7932
17430 905.95696 942.68546
17440 905.86401 942.57776
17450 905.7711 942.47011
17460 905.67822 942.3625
17470 905.58537 942.25493
17480 905.49255 942.1474
17490 905.39976 942.03992
17500 905.30701 941.93248
17510 905.21429 941.82508
17520 905.1216 941.71772
17530 905.02894 941.6104
17540 904.93631 941.50312
17550 904.84372 941.39589
17560 904.75116 941.2887
17570 904.65863 941.18155
17580 904.56613 941.07444
17590 904.47366 940.96737
17600 904.38123 940.86035
17610 904.28882 940.75336
17620 904.19645 940.64642
17630 904.10411 940.53952
17640 904.01181 940.43266
17650 903.91953 940.32585
17660 903.82729 940.21907
17670 903.73508 940.11234
17680 903.6429 940.00564
17690 903.55075 939.89899
17700 903.45863 939.79238
17710 903.36654 939.68582
17720 903.27449 939.57929
17730 903.18247 939.4728
17740 903.09048 939.36636
17750 902.99852 939.25995
17760 902.90659 939.15359
17770 902.8147 939.04727
17780 902.72283 938.94099
17790 902.631 938.83475
17800 902.5392 938.72856
17810 902.44743 938.6224
17820 902.35569 938.51629
17830 902.26398 938.41021
17840 902.17231 938.30418
17850 902.08066 938.19819
17860 901.98905 938.09223
17870 901.89747 937.98632
17880 901.80592 937.88046
17890 901.7144 937.77463
17900 901.62291 937.66884
17910 901.53146 937.56309
17920 901.44003 937.45739
17930 901.34864 937.35172
17940 901.25728 937.2461
17950 901.16595 937.14051
17960 901.07465 937.03497
17970 900.98338 936.92947
17980 900.89214 936.82401
17990 900.80093 936.71858
18000 900.70976 936.6132
18010 900.61862 936.50786
18020 900.5275 936.40257
18030 900.43642 936.29731
18040 900.34537 936.19209
18050 900.25435 936.08691
18060 900.16336 935.98177
18070 900.0724 935.87668
18080 899.98148 935.77162
18090 899.89058 935.6666
18100 899.79972 935.56163
18110 899.70888 935.45669
18120 899.61808 935.35179
18130 899.52731 935.24694
18140 899.43657 935.14212
18150 899.34586 935.03735
18160 899.25518 934.93262
18170 899.16453 934.82792
18180 899.07391 934.72327
18190 898.98333 934.61865
18200 898.89277 934.51408
18210 898.80225 934.40954
18220 898.71175 934.30505
18230 898.62129 934.2006
18240 898.53086 934.09618
18250 898.44045 933.99181
18260 898.35008 933.88747
18270 898.25974 933.78318
18280 898.16943 933.67892
18290 898.07915 933.57471
18300 897.9889 933.47053
18310 897.89868 933.3664
18320 897.8085 933.2623
18330 897.71834 933.15825
18340 897.62821 933.05423
18350 897.53812 932.95025
18360 897.44805 932.84632
18370 897.35802 932.74242
18380 897.26801 932.63856
18390 897.17804 932.53475
18400 897.08809 932.43097
18410 896.99818 932.32723
18420 896.9083 932.22353
18430 896.81844 932.11987
18440 896.72862 932.01625
18450 896.63883 931.91267
18460 896.54907 931.80913
18470 896.45934 931.70562
18480 896.36964 931.60216
18490 896.27997 931.49874
18500 896.19033 931.39535
18510 896.10072 931.29201
18520 896.01114 931.1887
18530 895.92159 931.08544
18540 895.83207 930.98221
18550 895.74258 930.87902
18560 895.65312 930.77587
18570 895.56369 930.67276
18580 895.47429 930.56969
18590 895.38492 930.46666
18600 895.29559 930.36367
18610 895.20628 930.26071
18620 895.117 930.1578
18630 895.02775 930.05492
18640 894.93853 929.95209
18650 894.84935 929.84929
18660 894.76019 929.74653
18670 894.67106 929.64381
18680 894.58196 929.54113
18690 894.49289 929.43849
18700 894.40386 929.33588
18710 894.31485 929.23332
18720 894.22587 929.13079
18730 894.13692 929.0283
18740 894.048 928.92586
18750 893.95911 928.82345
18760 893.87025 928.72107
18770 893.78143 928.61874
18780 893.69263 928.51645
18790 893.60386 928.41419
18800 893.51512 928.31197
18810 893.42641 928.2098
18820 893.33773 928.10766
18830 893.24908 928.00555
18840 893.16046 927.90349
18850 893.07186 927.80147
18860 892.9833 927.69948
18870 892.89477 927.59753
18880 892.80627 927.49562
18890 892.7178 927.39375
18900 892.62935 927.29192
18910 892.54094 927.19012
18920 892.45256 927.08837
18930 892.3642 926.98665
18940 892.27588 926.88497
18950 892.18758 926.78333
18960 892.09932 926.68173
18970 892.01108 926.58016
18980 891.92288 926.47863
18990 891.8347 926.37714
19000 891.74655 926.27569
19010 891.65843 926.17428
19020 891.57034 926.0729
19030 891.48228 925.97157
19040 891.39425 925.87027
19050 891.30625 925.76901
19060 891.21828 925.66778
19070 891.13034 925.5666
19080 891.04243 925.46545
19090 890.95454 925.36434
19100 890.86669 925.26327
19110 890.77887 925.16223
19120 890.69107 925.06124
19130 890.6033 924.96028
19140 890.51557 924.85936
19150 890.42786 924.75847
19160 890.34018 924.65763
19170 890.25253 924.55682
19180 890.16491 924.45605
19190 890.07732 924.35532
19200 889.98976 924.25462
19210 889.90222 924.15397
19220 889.81472 924.05335
19230 889.72725 923.95276
19240 889.6398 923.85222
19250 889.55238 923.75171
19260 889.465 923.65124
19270 889.37764 923.55081
19280 889.29031 923.45041
19290 889.20301 923.35006
19300 889.11573 923.24974
19310 889.02849 923.14945
19320 888.94128 923.04921
19330 888.85409 922.949
19340 888.76694 922.84883
19350 888.67981 922.74869
19360 888.59271 922.64859
19370 888.50564 922.54853
19380 888.4186 922.44851
19390 888.33159 922.34853
19400 888.24461 922.24858
19410 888.15765 922.14867
19420 888.07073 922.04879
19430 887.98383 921.94896
19440 887.89696 921.84916
19450 887.81012 921.74939
19460 887.72331 921.64967
19470 887.63653 921.54998
19480 887.54978 921.45032
19490 887.46305 921.35071
19500 887.37636 921.25113
19510 887.28969 921.15159
19520 887.20305 921.05208
19530 887.11644 920.95262
19540 887.02986 920.85318
19550 886.94331 920.75379
19560 886.85678 920.65443
19570 886.77029 920.55511
19580 886.68382 920.45583
19590 886.59738 920.35658
19600 886.51097 920.25737
19610 886.42459 920.15819
19620 886.33824 920.05906
19630 886.25191 919.95995
19640 886.16561 919.86089
19650 886.07935 919.76186
19660 885.99311 919.66287
19670 885.9069 919.56391
19680 885.82071 919.465
19690 885.73456 919.36611
19700 885.64843 919.26727
19710 885.56233 919.16846
19720 885.47626 919.06969
19730 885.39022 918.97095
19740 885.30421 918.87225
19750 885.21823 918.77358
19760 885.13227 918.67496
19770 885.04634 918.57637
19780 884.96044 918.47781
19790 884.87457 918.37929
19800 884.78872 918.28081
19810 884.70291 918.18236
19820 884.61712 918.08395
19830 884.53136 917.98558
19840 884.44563 917.88724
19850 884.35993 917.78894
19860 884.27425 917.69067
19870 884.18861 917.59244
19880 884.10299 917.49425
19890 884.0174 917.39609
19900 883.93183 917.29796
19910 883.8463 917.19988
19920 883.76079 917.10183
19930 883.67531 917.00381
19940 883.58986 916.90584
19950 883.50444 916.80789
19960 883.41905 916.70999
19970 883.33368 916.61211
19980 883.24834 916.51428
19990 883.16303 916.41648
20000 883.07775 916.31872
20010 882.99249 916.22099
20020 882.90726 916.1233
20030 882.82206 916.02564
20040 882.73689 915.92802
20050 882.65175 915.83043
20060 882.56663 915.73288
20070 882.48154 915.63537
20080 882.39648 915.53789
20090 882.31145 915.44045
20100 882.22644 915.34304
20110 882.14146 915.24567
20120 882.05651 915.14833
20130 881.97159 915.05103
20140 881.8867 914.95377
20150 881.80183 914.85654
20160 881.71699 914.75934
20170 881.63218 914.66218
20180 881.5474 914.56506
20190 881.46264 914.46797
20200 881.37791 914.37092
20210 881.29321 914.2739
20220 881.20854 914.17691
20230 881.12389 914.07997
20240 881.03927 913.98305
20250 880.95468 913.88618
20260 880.87012 913.78934
20270 880.78558 913.69253
20280 880.70107 913.59576
20290 880.61659 913.49902
20300 880.53213 913.40232
20310 880.44771 913.30565
20320 880.36331 913.20902
20330 880.27894 913.11242
20340 880.19459 913.01586
20350 880.11028 912.91934
20360 880.02599 912.82285
20370 879.94172 912.72639
20380 879.85749 912.62997
20390 879.77328 912.53358
20400 879.6891 912.43723
20410 879.60495 912.34091
20420 879.52082 912.24463
20430 879.43672 912.14838
20440 879.35265 912.05217
20450 879.26861 911.95599
20460 879.18459 911.85985
20470 879.1006 911.76374
20480 879.01664 911.66767
20490 878.9327 911.57163
20500 878.84879 911.47563
20510 878.76491 911.37966
20520 878.68106 911.28372
20530 878.59723 911.18782
20540 878.51343 911.09196
20550 878.42966 910.99612
20560 878.34591 910.90033
20570 878.26219 910.80457
20580 878.1785 910.70884
20590 878.09484 910.61314
20600 878.0112 910.51749
20610 877.92759 910.42186
20620 877.844 910.32627
20630 877.76045 910.23072
20640 877.67692 910.1352
20650 877.59341 910.03971
20660 877.50994 909.94426
20670 877.42649 909.84884
20680 877.34306 909.75345
20690 877.25967 909.65811
20700 877.1763 909.56279
20710 877.09296 909.46751
20720 877.00964 909.37226
20730 876.92635 909.27705
20740 876.84309 909.18187
20750 876.75986 909.08673
20760 876.67665 908.99162
20770 876.59347 908.89654
20780 876.51031 908.8015
20790 876.42719 908.70649
20800 876.34408 908.61152
20810 876.26101 908.51658
20820 876.17796 908.42167
20830 876.09494 908.3268
20840 876.01195 908.23196
20850 875.92898 908.13716
20860 875.84604 908.04239
20870 875.76312 907.94765
20880 875.68024 907.85295
20890 875.59737 907.75828
20900 875.51454 907.66364
20910 875.43173 907.56904
20920 875.34895 907.47448
20930 875.26619 907.37994
20940 875.18347 907.28544
20950 875.10076 907.19098
20960 875.01809 907.09655
20970 874.93544 907.00215
20980 874.85281 906.90778
20990 874.77022 906.81345
21000 874.68765 906.71915
21010 874.6051 906.62489
21020 874.52259 906.53066
21030 874.4401 906.43646
21040 874.35763 906.3423
21050 874.27519 906.24817
21060 874.19278 906.15407
21070 874.1104 906.06001
21080 874.02804 905.96598
21090 873.9457 905.87199
21100 873.8634 905.77802
21110 873.78112 905.6841
21120 873.69886 905.5902
21130 873.61664 905.49634
21140 873.53443 905.40251
21150 873.45226 905.30871
21160 873.37011 905.21495
21170 873.28799 905.12122
21180 873.20589 905.02753
21190 873.12382 904.93386
21200 873.04177 904.84024
21210 872.95976 904.74664
21220 872.87776 904.65308
21230 872.7958 904.55955
21240 872.71386 904.46605
21250 872.63194 904.37259
21260 872.55006 904.27916
21270 872.46819 904.18576
21280 872.38636 904.0924
21290 872.30455 903.99907
21300 872.22276 903.90577
21310 872.14101 903.8125
21320 872.05927 903.71927
21330 871.97757 903.62607
21340 871.89589 903.53291
21350 871.81423 903.43977
21360 871.73261 903.34667
21370 871.651 903.2536
21380 871.56943 903.16057
21390 871.48788 903.06757
21400 871.40635 902.9746
21410 871.32485 902.88166
21420 871.24338 902.78876
21430 871.16193 902.69589
21440 871.08051 902.60305
21450 870.99912 902.51025
21460 870.91775 902.41748
21470 870.8364 902.32474
21480 870.75508 902.23203
21490 870.67379 902.13936
21500 870.59253 902.04671
21510 870.51128 901.95411
21520 870.43007 901.86153
21530 870.34888 901.76899
21540 870.26772 901.67647
21550 870.18658 901.584
21560 870.10547 901.49155
21570 870.02438 901.39914
21580 869.94332 901.30675
21590 869.86228 901.21441
21600 869.78127 901.12209
21610 869.70029 901.02981
21620 869.61933 900.93755
21630 869.53839 900.84534
21640 869.45749 900.75315
21650 869.3766 900.66099
21660 869.29575 900.56887
21670 869.21492 900.47678
21680 869.13411 900.38473
21690 869.05333 900.2927
21700 868.97258 900.20071
21710 868.89185 900.10875
21720 868.81114 900.01682
21730 868.73046 899.92492
21740 868.64981 899.83306
21750 868.56918 899.74123
21760 868.48858 899.64943
21770 868.408 899.55766
21780 868.32745 899.46592
21790 868.24693 899.37422
21800 868.16643 899.28255
21810 868.08595 899.19091
21820 868.0055 899.0993
21830 867.92507 899.00773
21840 867.84467 898.91618
21850 867.7643 898.82467
21860 867.68395 898.73319
21870 867.60363 898.64175
21880 867.52333 898.55033
21890 867.44305 898.45895
21900 867.36281 898.36759
21910 867.28258 898.27627
21920 867.20239 898.18499
21930 867.12221 898.09373
21940 867.04207 898.00251
21950 866.96194 897.91131
21960 866.88185 897.82015
21970 866.80177 897.72902
21980 866.72173 897.63792
21990 866.6417 897.54686
22000 866.56171 897.45582
22010 866.48173 897.36482
22020 866.40179 897.27385
22030 866.32187 897.18291
22040 866.24197 897.092
22050 866.1621 897.00113
22060 866.08225 896.91028
22070 866.00243 896.81947
22080 865.92263 896.72869
22090 865.84286 896.63794
22100 865.76311 896.54722
22110 865.68339 896.45654
22120 865.60369 896.36588
22130 865.52402 896.27526
22140 865.44437 896.18466
22150 865.36475 896.0941
22160 865.28515 896.00357
22170 865.20558 895.91307
22180 865.12603 895.82261
22190 865.04651 895.73217
22200 864.96701 895.64177
22210 864.88754 895.55139
22220 864.80809 895.46105
22230 864.72866 895.37074
22240 864.64926 895.28046
22250 864.56989 895.19021
22260 864.49054 895.1
22270 864.41122 895.00981
22280 864.33191 894.91966
22290 864.25264 894.82953
22300 864.17339 894.73944
22310 864.09416 894.64938
22320 864.01496 894.55935
22330 863.93578 894.46935
22340 863.85663 894.37938
22350 863.7775 894.28945
22360 863.6984 894.19954
22370 863.61932 894.10967
22380 863.54027 894.01982
22390 863.46124 893.93001
22400 863.38223 893.84023
22410 863.30325 893.75048
22420 863.2243 893.66076
22430 863.14537 893.57107
22440 863.06646 893.48141
22450 862.98758 893.39178
22460 862.90872 893.30219
22470 862.82989 893.21262
22480 862.75108 893.12309
22490 862.67229 893.03358
22500 862.59353 892.94411
22510 862.5148 892.85467
22520 862.43609 892.76525
22530 862.3574 892.67587
22540 862.27874 892.58652
22550 862.2001 892.4972
22560 862.12148 892.40791
22570 862.04289 892.31866
22580 861.96433 892.22943
22590 861.88579 892.14023
22600 861.80727 892.05106
22610 861.72878 891.96193
22620 861.65031 891.87282
22630 861.57187 891.78375
22640 861.49345 891.6947
22650 861.41505 891.60569
22660 861.33668 891.51671
22670 861.25834 891.42775
22680 861.18001 891.33883
22690 861.10172 891.24994
22700 861.02344 891.16108
22710 860.94519 891.07225
22720 860.86697 890.98344
22730 860.78877 890.89467
22740 860.71059 890.80593
22750 860.63243 890.71722
22760 860.55431 890.62854
22770 860.4762 890.5399
22780 860.39812 890.45128
22790 860.32006 890.36269
22800 860.24203 890.27413
22810 860.16402 890.1856
22820 860.08604 890.0971
22830 860.00807 890.00864
22840 859.93014 889.9202
22850 859.85222 889.83179
22860 859.77434 889.74341
22870 859.69647 889.65507
22880 859.61863 889.56675
22890 859.54081 889.47846
22900 859.46302 889.3902
22910 859.38525 889.30198
22920 859.30751 889.21378
22930 859.22978 889.12561
22940 859.15209 889.03748
22950 859.07441 888.94937
22960 858.99676 888.86129
22970 858.91914 888.77325
22980 858.84154 888.68523
22990 858.76396 888.59724
23000 858.6864 888.50929
23010 858.60887 888.42136
23020 858.53137 888.33346
23030 858.45388 888.24559
23040 858.37642 888.15776
23050 858.29899 888.06995
23060 858.22158 887.98217
23070 858.14419 887.89442
23080 858.06682 887.8067
23090 857.98948 887.71901
23100 857.91217 887.63135
23110 857.83487 887.54372
23120 857.7576 887.45612
23130 857.68036 887.36855
23140 857.60314 887.28101
23150 857.52594 887.1935
23160 857.44876 887.10602
23170 857.37161 887.01857
23180 857.29448 886.93115
23190 857.21738 886.84376
23200 857.1403 886.75639
23210 857.06324 886.66906
23220 856.98621 886.58176
23230 856.9092 886.49448
23240 856.83221 886.40724
23250 856.75525 886.32002
23260 856.67831 886.23284
23270 856.60139 886.14568
23280 856.5245 886.05855
23290 856.44763 885.97145
23300 856.37078 885.88439
23310 856.29396 885.79735
23320 856.21716 885.71034
23330 856.14039 885.62336
23340 856.06364 885.53641
23350 855.98691 885.44948
23360 855.9102 885.36259
23370 855.83352 885.27573
23380 855.75686 885.1889
23390 855.68023 885.10209
23400 855.60361 885.01532
23410 855.52703 884.92857
23420 855.45046 884.84185
23430 855.37392 884.75517
23440 855.2974 884.66851
23450 855.22091 884.58188
23460 855.14443 884.49528
23470 855.06798 884.40871
23480 854.99156 884.32216
23490 854.91516 884.23565
23500 854.83878 884.14917
23510 854.76242 884.06271
23520 854.68609 883.97629
23530 854.60978 883.88989
23540 854.53349 883.80352
23550 854.45723 883.71718
23560 854.38099 883.63087
23570 854.30477 883.54459
23580 854.22858 883.45834
23590 854.15241 883.37212
23600 854.07626 883.28592
23610 854.00014 883.19976
23620 853.92404 883.11362
23630 853.84796 883.02751
23640 853.7719 882.94143
23650 853.69587 882.85538
23660 853.61986 882.76936
23670 853.54387 882.68337
23680 853.46791 882.5974
23690 853.39197 882.51147
23700 853.31605 882.42556
23710 853.24016 882.33969
23720 853.16429 882.25384
23730 853.08844 882.16802
23740 853.01261 882.08222
23750 852.93681 881.99646
23760 852.86103 881.91073
23770 852.78528 881.82502
23780 852.70954 881.73934
23790 852.63383 881.6537
23800 852.55814 881.56808
23810 852.48248 881.48248
23820 852.40684 881.39692
23830 852.33122 881.31139
23840 852.25562 881.22588
23850 852.18005 881.1404
23860 852.10449 881.05496
23870 852.02897 880.96953
23880 851.95346 880.88414
23890 851.87798 880.79878
23900 851.80252 880.71344
23910 851.72708 880.62814
23920 851.65167 880.54286
23930 851.57627 880.45761
23940 851.5009 880.37239
23950 851.42556 880.28719
23960 851.35023 880.20203
23970 851.27493 880.11689
23980 851.19966 880.03178
23990 851.1244 879.9467
24000 851.04917 879.86165
24010 850.97396 879.77663
24020 850.89877 879.69163
24030 850.8236 879.60666
24040 850.74846 879.52173
24050 850.67334 879.43681
24060 850.59824 879.35193
24070 850.52317 879.26708
24080 850.44812 879.18225
24090 850.37309 879.09745
24100 850.29808 879.01268
24110 850.22309 878.92794
24120 850.14813 878.84323
24130 850.07319 878.75854
24140 849.99827 878.67388
24150 849.92338 878.58925
24160 849.84851 878.50465
24170 849.77366 878.42007
24180 849.69883 878.33553
24190 849.62403 878.25101
24200 849.54924 878.16652
24210 849.47448 878.08206
24220 849.39974 877.99762
24230 849.32503 877.91322
24240 849.25034 877.82884
24250 849.17567 877.74449
24260 849.10102 877.66016
24270 849.02639 877.57587
24280 848.95179 877.4916
24290 848.87721 877.40736
24300 848.80265 877.32315
24310 848.72811 877.23896
24320 848.6536 877.15481
24330 848.5791 877.07068
24340 848.50463 876.98658
24350 848.43019 876.90251
24360 848.35576 876.81846
24370 848.28136 876.73444
24380 848.20698 876.65045
24390 848.13262 876.56649
24400 848.05828 876.48255
24410 847.98397 876.39865
24420 847.90967 876.31477
24430 847.8354 876.23092
24440 847.76116 876.14709
24450 847.68693 876.06329
24460 847.61273 875.97952
24470 847.53854 875.89578
24480 847.46439 875.81207
24490 847.39025 875.72838
24500 847.31613 875.64472
24510 847.24204 875.56109
24520 847.16797 875.47749
24530 847.09392 875.39391
24540 847.01989 875.31036
24550 846.94589 875.22684
24560 846.8719 875.14334
24570 846.79794 875.05987
24580 846.724 874.97643
24590 846.65009 874.89302
24600 846.57619 874.80963
24610 846.50232 874.72628
24620 846.42847 874.64294
24630 846.35464 874.55964
24640 846.28083 874.47636
24650 846.20705 874.39312
24660 846.13328 874.30989
24670 846.05954 874.2267
24680 845.98582 874.14353
24690 845.91212 874.06039
24700 845.83845 873.97728
24710 845.76479 873.89419
24720 845.69116 873.81113
24730 845.61755 873.7281
24740 845.54396 873.6451
24750 845.4704 873.56212
24760 845.39685 873.47917
24770 845.32333 873.39624
24780 845.24983 873.31335
24790 845.17635 873.23048
24800 845.10289 873.14764
24810 845.02945 873.06482
24820 844.95604 872.98203
24830 844.88265 872.89927
24840 844.80928 872.81654
24850 844.73593 872.73383
24860 844.6626 872.65115
24870 844.58929 872.56849
24880 844.51601 872.48587
24890 844.44275 872.40327
24900 844.36951 872.32069
24910 844.29629 872.23815
24920 844.22309 872.15563
24930 844.14991 872.07314
24940 844.07676 871.99067
24950 844.00363 871.90823
24960 843.93052 871.82582
24970 843.85743 871.74343
24980 843.78436 871.66108
24990 843.71131 871.57874
25000 843.63829 871.49644
25010 843.56528 871.41416
25020 843.4923 871.33191
25030 843.41934 871.24968
25040 843.3464 871.16749
25050 843.27349 871.08531
25060 843.20059 871.00317
25070 843.12772 870.92105
25080 843.05486 870.83896
25090 842.98203 870.75689
25100 842.90922 870.67485
25110 842.83643 870.59284
25120 842.76367 870.51086
25130 842.69092 870.4289
25140 842.6182 870.34696
25150 842.54549 870.26506
25160 842.47281 870.18318
25170 842.40015 870.10133
25180 842.32751 870.0195
25190 842.2549 869.9377
25200 842.1823 869.85593
25210 842.10973 869.77418
25220 842.03717 869.69246
25230 841.96464 869.61076
25240 841.89213 869.5291
25250 841.81964 869.44745
25260 841.74717 869.36584
25270 841.67472 869.28425
25280 841.6023 869.20269
25290 841.52989 869.12115
25300 841.45751 869.03964
25310 841.38515 868.95816
25320 841.31281 868.8767
25330 841.24049 868.79527
25340 841.16819 868.71386
25350 841.09591 868.63248
25360 841.02366 868.55113
25370 840.95142 868.4698
25380 840.87921 868.3885
25390 840.80702 868.30723
25400 840.73484 868.22598
25410 840.66269 868.14476
25420 840.59056 868.06356
25430 840.51846 867.98239
25440 840.44637 867.90125
25450 840.3743 867.82013
25460 840.30226 867.73904
25470 840.23023 867.65798
25480 840.15823 867.57694
25490 840.08625 867.49592
25500 840.01429 867.41494
25510 839.94235 867.33398
25520 839.87043 867.25304
25530 839.79853 867.17213
25540 839.72666 867.09125
25550 839.6548 867.01039
25560 839.58297 866.92956
25570 839.51115 866.84875
25580 839.43936 866.76797
25590 839.36759 866.68722
25600 839.29584 866.60649
25610 839.22411 866.52579
25620 839.1524 866.44511
25630 839.08071 866.36446
25640 839.00904 866.28384
25650 838.9374 866.20324
25660 838.86577 866.12267
25670 838.79417 866.04212
25680 838.72258 865.9616
25690 838.65102 865.8811
25700 838.57948 865.80063
25710 838.50795 865.72019
25720 838.43645 865.63977
25730 838.36497 865.55938
25740 838.29352 865.47901
25750 838.22208 865.39867
25760 838.15066 865.31835
25770 838.07926 865.23806
25780 838.00789 865.1578
25790 837.93653 865.07756
25800 837.8652 864.99734
25810 837.79388 864.91715
25820 837.72259 864.83699
25830 837.65132 864.75686
25840 837.58007 864.67674
25850 837.50883 864.59666
25860 837.43762 864.5166
25870 837.36643 864.43656
25880 837.29527 864.35655
25890 837.22412 864.27657
25900 837.15299 864.19661
25910 837.08188 864.11668
25920 837.0108 864.03677
25930 836.93973 863.95689
25940 836.86868 863.87703
25950 836.79766 863.7972
25960 836.72665 863.7174
25970 836.65567 863.63761
25980 836.58471 863.55786
25990 836.51377 863.47813
26000 836.44284 863.39842
26010 836.37194 863.31875
26020 836.30106 863.23909
26030 836.2302 863.15946
26040 836.15936 863.07986
26050 836.08854 863.00028
26060 836.01774 862.92073
26070 835.94696 862.8412
26080 835.8762 862.7617
26090 835.80547 862.68222
26100 835.73475 862.60277
26110 835.66405 862.52334
26120 835.59338 862.44394
26130 835.52272 862.36456
26140 835.45208 862.28521
26150 835.38147 862.20588
26160 835.31087 862.12658
26170 835.2403 862.04731
26180 835.16974 861.96805
26190 835.09921 861.88883
26200 835.0287 861.80963
26210 834.9582 861.73045
26220 834.88773 861.6513
26230 834.81728 861.57217
26240 834.74685 861.49307
26250 834.67643 861.414
26260 834.60604 861.33495
26270 834.53567 861.25592
26280 834.46532 861.17692
26290 834.39499 861.09794
26300 834.32468 861.01899
26310 834.25439 860.94006
26320 834.18412 860.86116
26330 834.11387 860.78229
26340 834.04364 860.70343
26350 833.97343 860.62461
26360 833.90324 860.5458
26370 833.83307 860.46703
26380 833.76292 860.38827
26390 833.69279 860.30955
26400 833.62268 860.23084
26410 833.55259 860.15217
26420 833.48252 860.07351
26430 833.41247 859.99488
26440 833.34245 859.91628
26450 833.27244 859.8377
26460 833.20245 859.75915
26470 833.13248 859.68062
26480 833.06253 859.60211
26490 832.9926 859.52363
26500 832.9227 859.44517
26510 832.85281 859.36674
26520 832.78294 859.28834
26530 832.71309 859.20995
26540 832.64326 859.1316
26550 832.57346 859.05326
26560 832.50367 858.97496
26570 832.4339 858.89667
26580 832.36415 858.81841
26590 832.29442 858.74018
26600 832.22472 858.66197
26610 832.15503 858.58378
26620 832.08536 858.50562
26630 832.01571 858.42749
26640 831.94608 858.34937
26650 831.87647 858.27129
26660 831.80688 858.19322
26670 831.73732 858.11518
26680 831.66777 858.03717
26690 831.59824 857.95918
26700 831.52873 857.88121
26710 831.45924 857.80327
26720 831.38977 857.72536
26730 831.32032 857.64746
26740 831.25089 857.5696
26750 831.18148 857.49175
26760 831.11209 857.41393
26770 831.04272 857.33614
26780 830.97337 857.25837
26790 830.90404 857.18062
26800 830.83473 857.1029
26810 830.76543 857.0252
26820 830.69616 856.94753
26830 830.62691 856.86988
26840 830.55768 856.79225
26850 830.48847 856.71465
26860 830.41927 856.63707
26870 830.3501 856.55952
26880 830.28095 856.48199
26890 830.21181 856.40449
26900 830.1427 856.32701
26910 830.0736 856.24955
26920 830.00453 856.17212
26930 829.93547 856.09471
26940 829.86644 856.01732
26950 829.79742 855.93997
26960 829.72843 855.86263
26970 829.65945 855.78532
26980 829.59049 855.70803
26990 829.52155 855.63077
27000 829.45264 855.55353
27010 829.38374 855.47631
27020 829.31486 855.39912
27030 829.246 855.32195
27040 829.17716 855.24481
27050 829.10834 855.16769
27060 829.03954 855.09059
27070 828.97076 855.01352
27080 828.902 854.93647
27090 828.83325 854.85945
27100 828.76453 854.78245
27110 828.69583 854.70547
27120 828.62714 854.62852
27130 828.55848 854.55159
27140 828.48983 854.47468
27150 828.42121 854.3978
27160 828.3526 854.32095
27170 828.28402 854.24411
27180 828.21545 854.1673
27190 828.1469 854.09052
27200 828.07837 854.01375
27210 828.00986 853.93702
27220 827.94137 853.8603
27230 827.8729 853.78361
27240 827.80445 853.70694
27250 827.73602 853.6303
27260 827.66761 853.55368
27270 827.59922 853.47708
27280 827.53084 853.40051
27290 827.46249 853.32396
27300 827.39415 853.24744
27310 827.32584 853.17094
27320 827.25754 853.09446
27330 827.18926 853.018
27340 827.12101 852.94157
27350 827.05277 852.86517
27360 826.98455 852.78878
27370 826.91635 852.71242
27380 826.84817 852.63609
27390 826.78001 852.55977
27400 826.71186 852.48348
27410 826.64374 852.40722
27420 826.57564 852.33097
27430 826.50755 852.25476
27440 826.43948 852.17856
27450 826.37144 852.10239
27460 826.30341 852.02624
27470 826.2354 851.95011
27480 826.16741 851.87401
27490 826.09944 851.79793
27500 826.03149 851.72188
27510 825.96356 851.64585
27520 825.89565 851.56984
27530 825.82775 851.49385
27540 825.75988 851.41789
27550 825.69202 851.34195
27560 825.62419 851.26604
27570 825.55637 851.19015
27580 825.48857 851.11428
27590 825.42079 851.03843
27600 825.35303 850.96261
27610 825.28529 850.88681
27620 825.21757 850.81104
27630 825.14987 850.73529
27640 825.08218 850.65956
27650 825.01452 850.58385
27660 824.94687 850.50817
27670 824.87924 850.43251
27680 824.81163 850.35688
27690 824.74405 850.28126
27700 824.67648 850.20567
27710 824.60892 850.13011
27720 824.54139 850.05456
27730 824.47388 849.97904
27740 824.40638 849.90355
27750 824.33891 849.82807
27760 824.27145 849.75262
27770 824.20401 849.67719
27780 824.13659 849.60179
27790 824.06919 849.52641
27800 824.00181 849.45105
27810 823.93445 849.37571
27820 823.86711 849.3004
27830 823.79978 849.22511
27840 823.73247 849.14984
27850 823.66519 849.0746
27860 823.59792 848.99938
27870 823.53067 848.92418
27880 823.46344 848.84901
27890 823.39623 848.77385
27900 823.32903 848.69872
27910 823.26186 848.62362
27920 823.1947 848.54853
27930 823.12756 848.47347
27940 823.06045 848.39844
27950 822.99335 848.32342
27960 822.92627 848.24843
27970 822.8592 848.17346
27980 822.79216 848.09852
27990 822.72514 848.02359
28000 822.65813 847.94869
28010 822.59114 847.87381
28020 822.52417 847.79896
28030 822.45722 847.72413
28040 822.39029 847.64932
28050 822.32338 847.57453
28060 822.25648 847.49977
28070 822.18961 847.42503
28080 822.12275 847.35031
28090 822.05591 847.27561
28100 821.98909 847.20094
28110 821.92229 847.12629
28120 821.85551 847.05166
28130 821.78874 846.97705
28140 821.722 846.90247
28150 821.65527 846.82791
28160 821.58856 846.75337
28170 821.52187 846.67886
28180 821.4552 846.60437
28190 821.38855 846.5299
28200 821.32192 846.45545
28210 821.2553 846.38103
28220 821.1887 846.30662
28230 821.12212 846.23224
28240 821.05556 846.15789
28250 820.98902 846.08355
28260 820.9225 846.00924
28270 820.85599 845.93495
28280 820.78951 845.86069
28290 820.72304 845.78644
28300 820.65659 845.71222
28310 820.59016 845.63802
28320 820.52374 845.56384
28330 820.45735 845.48969
28340 820.39097 845.41556
28350 820.32462 845.34145
28360 820.25828 845.26736
28370 820.19196 845.19329
28380 820.12565 845.11925
28390 820.05937 845.04523
28400 819.9931 844.97123
28410 819.92685 844.89726
28420 819.86063 844.8233
28430 819.79441 844.74937
28440 819.72822 844.67546
28450 819.66205 844.60158
28460 819.59589 844.52771
28470 819.52975 844.45387
28480 819.46363 844.38005
28490 819.39753 844.30625
28500 819.33145 844.23248
28510 819.26538 844.15872
28520 819.19934 844.08499
28530 819.13331 844.01128
28540 819.0673 843.9376
28550 819.00131 843.86393
28560 818.93533 843.79029
28570 818.86938 843.71667
28580 818.80344 843.64307
28590 818.73752 843.5695
28600 818.67162 843.49594
28610 818.60574 843.42241
28620 818.53987 843.3489
28630 818.47403 843.27542
28640 818.4082 843.20195
28650 818.34239 843.12851
28660 818.2766 843.05509
28670 818.21082 842.98169
28680 818.14507 842.90831
28690 818.07933 842.83495
28700 818.01361 842.76162
28710 817.94791 842.68831
28720 817.88223 842.61502
28730 817.81656 842.54175
28740 817.75091 842.46851
28750 817.68528 842.39529
28760 817.61967 842.32208
28770 817.55408 842.2489
28780 817.4885 842.17575
28790 817.42295 842.10261
28800 817.35741 842.0295
28810 817.29189 841.95641
28820 817.22638 841.88334
28830 817.1609 841.81029
28840 817.09543 841.73726
28850 817.02998 841.66426
28860 816.96455 841.59127
28870 816.89914 841.51831
28880 816.83374 841.44538
28890 816.76836 841.37246
28900 816.703 841.29956
28910 816.63766 841.22669
28920 816.57234 841.15384
28930 816.50703 841.08101
28940 816.44174 841.0082
28950 816.37647 840.93541
28960 816.31122 840.86265
28970 816.24599 840.7899
28980 816.18077 840.71718
28990 816.11557 840.64448
29000 816.05039 840.5718
29010 815.98523 840.49915
29020 815.92008 840.42651
29030 815.85496 840.3539
29040 815.78985 840.28131
29050 815.72476 840.20874
29060 815.65968 840.13619
29070 815.59463 840.06366
29080 815.52959 839.99116
29090 815.46457 839.91867
29100 815.39956 839.84621
29110 815.33458 839.77377
29120 815.26961 839.70135
29130 815.20466 839.62895
29140 815.13973 839.55658
29150 815.07482 839.48422
29160 815.00992 839.41189
29170 814.94504 839.33958
29180 814.88018 839.26729
29190 814.81534 839.19502
29200 814.75051 839.12277
29210 814.6857 839.05055
29220 814.62091 838.97834
29230 814.55614 838.90616
29240 814.49139 838.834
29250 814.42665 838.76186
29260 814.36193 838.68974
29270 814.29723 838.61765
29280 814.23254 838.54557
29290 814.16788 838.47351
29300 814.10323 838.40148
29310 814.03859 838.32947
29320 813.97398 838.25748
29330 813.90938 838.18551
29340 813.8448 838.11356
29350 813.78024 838.04164
29360 813.7157 837.96973
29370 813.65117 837.89785
29380 813.58666 837.82598
29390 813.52217 837.75414
29400 813.4577 837.68232
29410 813.39324 837.61052
29420 813.32881 837.53875
29430 813.26438 837.46699
29440 813.19998 837.39526
29450 813.13559 837.32354
29460 813.07123 837.25185
29470 813.00687 837.18018
29480 812.94254 837.10853
29490 812.87822 837.0369
29500 812.81393 836.96529
29510 812.74964 836.8937
29520 812.68538 836.82213
29530 812.62113 836.75059
29540 812.55691 836.67907
29550 812.49269 836.60756
29560 812.4285 836.53608
29570 812.36432 836.46462
29580 812.30016 836.39318
29590 812.23602 836.32176
29600 812.1719 836.25037
29610 812.10779 836.17899
29620 812.0437 836.10763
29630 811.97963 836.0363
29640 811.91557 835.96499
29650 811.85153 835.89369
29660 811.78751 835.82242
29670 811.72351 835.75117
29680 811.65952 835.67994
29690 811.59555 835.60873
29700 811.5316 835.53755
29710 811.46767 835.46638
29720 811.40375 835.39523
29730 811.33985 835.32411
29740 811.27597 835.253
29750 811.2121 835.18192
29760 811.14825 835.11086
29770 811.08442 835.03982
29780 811.02061 834.9688
29790 810.95681 834.8978
29800 810.89303 834.82682
29810 810.82927 834.75586
29820 810.76553 834.68492
29830 810.7018 834.61401
29840 810.63809 834.54311
29850 810.5744 834.47223
29860 810.51072 834.40138
29870 810.44706 834.33055
29880 810.38342 834.25973
29890 810.3198 834.18894
29900 810.25619 834.11817
29910 810.1926 834.04742
29920 810.12903 833.97669
29930 810.06547 833.90598
29940 810.00193 833.83529
29950 809.93841 833.76463
29960 809.8749 833.69398
29970 809.81142 833.62335
29980 809.74795 833.55275
29990 809.68449 833.48216
30000 809.62106 833.4116
30010 809.55764 833.34105
30020 809.49423 833.27053
30030 809.43085 833.20003
30040 809.36748 833.12954
30050 809.30413 833.05908
30060 809.24079 832.98864
30070 809.17748 832.91822
30080 809.11418 832.84782
30090 809.05089 832.77744
30100 808.98763 832.70708
30110 808.92438 832.63674
30120 808.86115 832.56643
30130 808.79793 832.49613
30140 808.73473 832.42585
30150 808.67155 832.3556
30160 808.60839 832.28536
30170 808.54524 832.21514
30180 808.48211 832.14495
30190 808.41899 832.07477
30200 808.3559 832.00462
30210 808.29282 831.93449
30220 808.22975 831.86437
30230 808.16671 831.79428
30240 808.10368 831.72421
30250 808.04067 831.65416
30260 807.97767 831.58412
30270 807.91469 831.51411
30280 807.85173 831.44412
30290 807.78878 831.37415
30300 807.72586 831.3042
30310 807.66294 831.23427
30320 807.60005 831.16436
30330 807.53717 831.09447
30340 807.47431 831.0246
30350 807.41147 830.95475
30360 807.34864 830.88492
30370 807.28583 830.81511
30380 807.22303 830.74532
30390 807.16026 830.67556
30400 807.0975 830.60581
30410 807.03475 830.53608
30420 806.97203 830.46637
30430 806.90932 830.39669
30440 806.84662 830.32702
30450 806.78395 830.25737
30460 806.72129 830.18775
30470 806.65864 830.11814
30480 806.59602 830.04855
30490 806.53341 829.97899
30500 806.47081 829.90944
30510 806.40824 829.83991
30520 806.34568 829.77041
30530 806.28313 829.70092
30540 806.22061 829.63146
30550 806.1581 829.56201
30560 806.0956 829.49259
30570 806.03313 829.42318
30580 805.97067 829.35379
30590 805.90822 829.28443
30600 805.8458 829.21508
30610 805.78339 829.14576
30620 805.72099 829.07645
30630 805.65862 829.00717
30640 805.59626 828.9379
30650 805.53391 828.86866
30660 805.47159 828.79943
30670 805.40928 828.73022
30680 805.34698 828.66104
30690 805.2847 828.59187
30700 805.22244 828.52273
30710 805.1602 828.4536
30720 805.09797 828.3845
30730 805.03576 828.31541
30740 804.97356 828.24634
30750 804.91139 828.1773
30760 804.84922 828.10827
30770 804.78708 828.03927
30780 804.72495 827.97028
30790 804.66284 827.90131
30800 804.60074 827.83236
30810 804.53866 827.76344
30820 804.4766 827.69453
30830 804.41455 827.62564
30840 804.35252 827.55678
30850 804.29051 827.48793
30860 804.22851 827.4191
30870 804.16653 827.35029
30880 804.10456 827.2815
30890 804.04262 827.21273
30900 803.98068 827.14398
30910 803.91877 827.07525
30920 803.85687 827.00655
30930 803.79499 826.93786
30940 803.73312 826.86918
30950 803.67127 826.80053
30960 803.60944 826.7319
30970 803.54762 826.66329
30980 803.48582 826.5947
30990 803.42403 826.52613
31000 803.36227 826.45758
31010 803.30051 826.38904
31020 803.23878 826.32053
31030 803.17706 826.25204
31040 803.11535 826.18356
31050 803.05367 826.11511
31060 802.992 826.04667
31070 802.93034 825.97826
31080 802.86871 825.90986
31090 802.80708 825.84149
31100 802.74548 825.77313
31110 802.68389 825.7048
31120 802.62232 825.63648
31130 802.56076 825.56818
31140 802.49922 825.4999
31150 802.43769 825.43164
31160 802.37619 825.3634
31170 802.31469 825.29518
31180 802.25322 825.22698
31190 802.19176 825.1588
31200 802.13032 825.09064
31210 802.06889 825.0225
31220 802.00748 824.95438
31230 801.94608 824.88627
31240 801.8847 824.81819
31250 801.82334 824.75013
31260 801.76199 824.68208
31270 801.70066 824.61406
31280 801.63935 824.54605
31290 801.57805 824.47806
31300 801.51677 824.4101
31310 801.4555 824.34215
31320 801.39425 824.27422
31330 801.33302 824.20631
31340 801.2718 824.13842
31350 801.2106 824.07055
31360 801.14942 824.0027
31370 801.08825 823.93487
31380 801.02709 823.86705
31390 800.96596 823.79926
31400 800.90483 823.73149
31410 800.84373 823.66373
31420 800.78264 823.596
31430 800.72157 823.52828
31440 800.66051 823.46058
31450 800.59947 823.3929
31460 800.53844 823.32525
31470 800.47743 823.25761
31480 800.41644 823.18999
31490 800.35546 823.12238
31500 800.2945 823.0548
31510 800.23356 822.98724
31520 800.17263 822.9197
31530 800.11171 822.85217
31540 800.05082 822.78467
31550 799.98993 822.71718
31560 799.92907 822.64971
31570 799.86822 822.58227
31580 799.80738 822.51484
31590 799.74657 822.44743
31600 799.68576 822.38004
31610 799.62498 822.31266
31620 799.56421 822.24531
31630 799.50345 822.17798
31640 799.44272 822.11066
31650 799.38199 822.04337
31660 799.32129 821.97609
31670 799.26059 821.90883
31680 799.19992 821.8416
31690 799.13926 821.77438
31700 799.07862 821.70718
31710 799.01799 821.64
31720 798.95738 821.57283
31730 798.89678 821.50569
31740 798.8362 821.43857
31750 798.77564 821.37146
31760 798.71509 821.30437
31770 798.65456 821.23731
31780 798.59404 821.17026
31790 798.53354 821.10323
31800 798.47305 821.03622
31810 798.41258 820.96923
31820 798.35213 820.90225
31830 798.29169 820.8353
31840 798.23127 820.76836
31850 798.17086 820.70145
31860 798.11047 820.63455
31870 798.05009 820.56767
31880 797.98973 820.50081
31890 797.92939 820.43397
31900 797.86906 820.36715
31910 797.80875 820.30034
31920 797.74845 820.23356
31930 797.68817 820.16679
31940 797.62791 820.10005
31950 797.56766 820.03332
31960 797.50742 819.96661
31970 797.4472 819.89992
31980 797.387 819.83325
31990 797.32681 819.76659
32000 797.26664 819.69996
32010 797.20649 819.63334
32020 797.14634 819.56674
32030 797.08622 819.50017
32040 797.02611 819.43361
32050 796.96602 819.36707
32060 796.90594 819.30054
32070 796.84588 819.23404
32080 796.78583 819.16755
32090 796.7258 819.10109
32100 796.66578 819.03464
32110 796.60578 818.96821
32120 796.5458 818.9018
32130 796.48583 818.83541
32140 796.42587 818.76904
32150 796.36594 818.70268
32160 796.30601 818.63635
32170 796.24611 818.57003
32180 796.18622 818.50373
32190 796.12634 818.43745
32200 796.06648 818.37119
32210 796.00663 818.30494
32220 795.9468 818.23872
32230 795.88699 818.17251
32240 795.82719 818.10633
32250 795.76741 818.04016
32260 795.70764 817.97401
32270 795.64789 817.90787
32280 795.58815 817.84176
32290 795.52843 817.77566
32300 795.46872 817.70959
32310 795.40903 817.64353
32320 795.34936 817.57749
32330 795.2897 817.51147
32340 795.23005 817.44547
32350 795.17042 817.37948
32360 795.11081 817.31352
32370 795.05121 817.24757
32380 794.99163 817.18164
32390 794.93206 817.11573
32400 794.87251 817.04983
32410 794.81297 816.98396
32420 794.75345 816.9181
32430 794.69395 816.85227
32440 794.63445 816.78645
32450 794.57498 816.72065
32460 794.51552 816.65487
32470 794.45607 816.5891
32480 794.39665 816.52336
32490 794.33723 816.45763
32500 794.27783 816.39192
32510 794.21845 816.32623
32520 794.15908 816.26056
32530 794.09973 816.1949
32540 794.04039 816.12926
32550 793.98107 816.06365
32560 793.92176 815.99805
32570 793.86247 815.93247
32580 793.80319 815.8669
32590 793.74393 815.80136
32600 793.68468 815.73583
32610 793.62545 815.67032
32620 793.56624 815.60483
32630 793.50704 815.53936
32640 793.44785 815.47391
32650 793.38868 815.40847
32660 793.32952 815.34305
32670 793.27038 815.27765
32680 793.21126 815.21227
32690 793.15215 815.14691
32700 793.09306 815.08156
32710 793.03398 815.01624
32720 792.97491 814.95093
32730 792.91586 814.88564
32740 792.85683 814.82037
32750 792.79781 814.75511
32760 792.73881 814.68987
32770 792.67982 814.62466
32780 792.62085 814.55946
32790 792.56189 814.49427
32800 792.50294 814.42911
32810 792.44402 814.36396
32820 792.3851 814.29883
32830 792.32621 814.23372
32840 792.26732 814.16863
32850 792.20846 814.10356
32860 792.1496 814.0385
32870 792.09077 813.97346
32880 792.03194 813.90844
32890 791.97314 813.84344
32900 791.91434 813.77846
32910 791.85557 813.71349
32920 791.7968 813.64854
32930 791.73806 813.58361
32940 791.67932 813.5187
32950 791.62061 813.4538
32960 791.5619 813.38893
32970 791.50322 813.32407
32980 791.44454 813.25923
32990 791.38589 813.1944
33000 791.32724 813.1296
33010 791.26862 813.06481
33020 791.21 813.00004
33030 791.15141 812.93529
33040 791.09282 812.87056
33050 791.03426 812.80584
33060 790.9757 812.74114
33070 790.91717 812.67646
33080 790.85864 812.6118
33090 790.80014 812.54716
33100 790.74164 812.48253
33110 790.68316 812.41792
33120 790.6247 812.35333
33130 790.56625 812.28876
33140 790.50782 812.2242
33150 790.4494 812.15966
33160 790.391 812.09514
33170 790.33261 812.03064
33180 790.27423 811.96615
33190 790.21587 811.90169
33200 790.15753 811.83724
33210 790.0992 811.77281
33220 790.04089 811.70839
33230 789.98259 811.644
33240 789.9243 811.57962
33250 789.86603 811.51526
33260 789.80778 811.45091
33270 789.74954 811.38659
33280 789.69131 811.32228
33290 789.6331 811.25799
33300 789.5749 811.19372
33310 789.51672 811.12946
33320 789.45855 811.06522
33330 789.4004 811.001
33340 789.34227 810.9368
33350 789.28414 810.87262
33360 789.22604 810.80845
33370 789.16794 810.7443
33380 789.10986 810.68017
33390 789.0518 810.61605
33400 788.99375 810.55196
33410 788.93572 810.48788
33420 788.8777 810.42381
33430 788.81969 810.35977
33440 788.7617 810.29574
33450 788.70373 810.23173
33460 788.64577 810.16774
33470 788.58782 810.10377
33480 788.52989 810.03981
33490 788.47198 809.97587
33500 788.41407 809.91195
33510 788.35619 809.84805
33520 788.29831 809.78416
33530 788.24046 809.72029
33540 788.18261 809.65644
33550 788.12478 809.5926
33560 788.06697 809.52879
33570 788.00917 809.46499
33580 787.95139 809.4012
33590 787.89362 809.33744
33600 787.83586 809.27369
33610 787.77812 809.20996
33620 787.72039 809.14625
33630 787.66268 809.08255
33640 787.60498 809.01887
33650 787.5473 808.95521
33660 787.48963 808.89157
33670 787.43198 808.82794
33680 787.37434 808.76433
33690 787.31672 808.70074
33700 787.25911 808.63717
33710 787.20151 808.57361
33720 787.14393 808.51007
33730 787.08636 808.44655
33740 787.02881 808.38305
33750 786.97127 808.31956
33760 786.91375 808.25609
33770 786.85624 808.19263
33780 786.79875 808.1292
33790 786.74127 808.06578
33800 786.68381 808.00238
33810 786.62636 807.93899
33820 786.56892 807.87563
33830 786.5115 807.81228
33840 786.45409 807.74894
33850 786.3967 807.68563
33860 786.33932 807.62233
33870 786.28196 807.55905
33880 786.22461 807.49578
33890 786.16727 807.43254
33900 786.10995 807.36931
33910 786.05265 807.3061
33920 785.99535 807.2429
33930 785.93808 807.17972
33940 785.88081 807.11656
33950 785.82357 807.05342
33960 785.76633 806.99029
33970 785.70911 806.92718
33980 785.65191 806.86409
33990 785.59472 806.80101
34000 785.53754 806.73795
34010 785.48038 806.67491
34020 785.42323 806.61189
34030 785.3661 806.54888
34040 785.30898 806.48589
34050 785.25187 806.42292
34060 785.19478 806.35996
34070 785.1377 806.29702
34080 785.08064 806.2341
34090 785.02359 806.17119
34100 784.96656 806.10831
34110 784.90954 806.04543
34120 784.85254 805.98258
34130 784.79555 805.91974
34140 784.73857 805.85692
34150 784.68161 805.79412
34160 784.62466 805.73133
34170 784.56773 805.66856
34180 784.51081 805.60581
34190 784.4539 805.54307
34200 784.39701 805.48036
34210 784.34014 805.41765
34220 784.28327 805.35497
34230 784.22643 805.2923
34240 784.16959 805.22965
34250 784.11277 805.16702
34260 784.05597 805.1044
34270 783.99918 805.0418
34280 783.9424 804.97921
34290 783.88564 804.91665
34300 783.82889 804.8541
34310 783.77215 804.79156
34320 783.71543 804.72905
34330 783.65873 804.66655
34340 783.60203 804.60407
34350 783.54536 804.5416
34360 783.48869 804.47915
34370 783.43204 804.41672
34380 783.37541 804.3543
34390 783.31879 804.29191
34400 783.26218 804.22952
34410 783.20559 804.16716
34420 783.14901 804.10481
34430 783.09244 804.04248
34440 783.03589 803.98016
34450 782.97935 803.91787
34460 782.92283 803.85558
34470 782.86632 803.79332
34480 782.80983 803.73107
34490 782.75335 803.66884
34500 782.69688 803.60663
34510 782.64043 803.54443
34520 782.58399 803.48225
34530 782.52757 803.42008
34540 782.47116 803.35793
34550 782.41476 803.2958
34560 782.35838 803.23369
34570 782.30201 803.17159
34580 782.24566 803.10951
34590 782.18932 803.04744
34600 782.13299 802.9854
34610 782.07668 802.92336
34620 782.02038 802.86135
34630 781.9641 802.79935
34640 781.90783 802.73737
34650 781.85157 802.6754
34660 781.79533 802.61346
34670 781.7391 802.55152
34680 781.68289 802.48961
34690 781.62669 802.42771
34700 781.5705 802.36583
34710 781.51433 802.30396
34720 781.45817 802.24211
34730 781.40202 802.18028
34740 781.34589 802.11846
34750 781.28978 802.05666
34760 781.23367 801.99488
34770 781.17759 801.93311
34780 781.12151 801.87136
34790 781.06545 801.80963
34800 781.0094 801.74791
34810 780.95337 801.68621
34820 780.89735 801.62453
34830 780.84134 801.56286
34840 780.78535 801.50121
34850 780.72938 801.43957
34860 780.67341 801.37795
34870 780.61746 801.31635
34880 780.56152 801.25476
34890 780.5056 801.1932
34900 780.44969 801.13164
34910 780.3938 801.07011
34920 780.33792 801.00859
34930 780.28205 800.94708
34940 780.2262 800.88559
34950 780.17036 800.82412
34960 780.11453 800.76267
34970 780.05872 800.70123
34980 780.00292 800.63981
34990 779.94714 800.5784
35000 779.89137 800.51701
